province_code,province_name,cmun,municipality_name,population_total,population_male,population_female
01,Álava,1,Alegría-Dulantzi,1486,763,723
01,Álava,2,Amurrio,9695,4826,4869
01,Álava,49,Añana,190,102,88
01,Álava,3,Aramaio,1447,760,687
01,Álava,6,Armiñón,158,82,76
01,Álava,37,Arraia-Maeztu,715,387,328
01,Álava,8,Arrazua-Ubarrundia,743,394,349
01,Álava,4,Artziniega,1331,661,670
01,Álava,9,Asparrena,1585,793,792
01,Álava,10,Ayala/Aiara,2086,1033,1053
01,Álava,11,Baños de Ebro/Mañueta,334,186,148
01,Álava,13,Barrundia,623,354,269
01,Álava,14,Berantevilla,457,235,222
01,Álava,16,Bernedo,540,313,227
01,Álava,17,Campezo/Kanpezu,1084,571,513
01,Álava,21,Elburgo/Burgelu,375,199,176
01,Álava,22,Elciego,932,464,468
01,Álava,23,Elvillar/Bilar,364,194,170
01,Álava,56,Harana/Valle de Arana,343,189,154
01,Álava,901,Iruña Oka/Iruña de Oca,1895,1012,883
01,Álava,27,Iruraiz-Gauna,447,243,204
01,Álava,19,Kripan,185,97,88
01,Álava,20,Kuartango,375,208,167
01,Álava,28,Labastida,1275,683,592
01,Álava,30,Lagrán,199,109,90
01,Álava,31,Laguardia,1416,732,684
01,Álava,32,Lanciego/Lantziego,654,342,312
01,Álava,902,Lantarón,1002,561,441
01,Álava,33,Lapuebla de Labarca,862,444,418
01,Álava,58,Legutiano,1403,730,673
01,Álava,34,Leza,203,109,94
01,Álava,36,Llodio,19169,9567,9602
01,Álava,39,Moreda de Álava,286,152,134
01,Álava,41,Navaridas,217,120,97
01,Álava,42,Okondo,854,441,413
01,Álava,43,Oyón/Oion,2408,1206,1202
01,Álava,44,Peñacerrada-Urizaharra,248,134,114
01,Álava,46,Ribera Alta,538,321,217
01,Álava,47,Ribera Baja/Erribera Beitia,677,368,309
01,Álava,51,Salvatierra o Agurain,3984,1970,2014
01,Álava,52,Samaniego,319,161,158
01,Álava,53,San Millán/Donemiliaga,712,392,320
01,Álava,54,Urkabustaiz,877,477,400
01,Álava,55,Valdegovía,948,514,434
01,Álava,57,Villabuena de Álava/Eskuernaga,333,166,167
01,Álava,59,Vitoria-Gasteiz,218902,107752,111150
01,Álava,60,Yécora,270,133,137
01,Álava,61,Zalduondo,139,76,63
01,Álava,62,Zambrana,385,204,181
01,Álava,18,Zigoitia,1295,713,582
01,Álava,63,Zuia,1828,936,892
02,Albacete,1,Abengibre,987,487,500
02,Albacete,2,Alatoz,648,337,311
02,Albacete,3,Albacete,149507,73278,76229
02,Albacete,4,Albatana,875,434,441
02,Albacete,5,Alborea,808,423,385
02,Albacete,6,Alcadozo,771,398,373
02,Albacete,7,Alcalá del Júcar,1480,760,720
02,Albacete,8,Alcaraz,1740,849,891
02,Albacete,9,Almansa,23782,11720,12062
02,Albacete,10,Alpera,2360,1229,1131
02,Albacete,11,Ayna,936,470,466
02,Albacete,12,Balazote,2342,1197,1145
02,Albacete,14,Ballestero (El),570,289,281
02,Albacete,13,Balsa de Ves,225,121,104
02,Albacete,15,Barrax,1948,967,981
02,Albacete,16,Bienservida,895,458,437
02,Albacete,17,Bogarra,1269,664,605
02,Albacete,18,Bonete,1227,621,606
02,Albacete,19,Bonillo (El),3283,1671,1612
02,Albacete,20,Carcelén,668,357,311
02,Albacete,21,Casas de Juan Núñez,1254,642,612
02,Albacete,22,Casas de Lázaro,431,232,199
02,Albacete,23,Casas de Ves,875,455,420
02,Albacete,24,Casas-Ibáñez,4174,2100,2074
02,Albacete,25,Caudete,9069,4567,4502
02,Albacete,26,Cenizate,1115,577,538
02,Albacete,29,Chinchilla de Monte-Aragón,3210,1685,1525
02,Albacete,27,Corral-Rubio,454,231,223
02,Albacete,28,Cotillas,193,96,97
02,Albacete,30,Elche de la Sierra,3917,1945,1972
02,Albacete,31,Férez,814,411,403
02,Albacete,32,Fuensanta,375,195,180
02,Albacete,33,Fuente-Álamo,2504,1287,1217
02,Albacete,34,Fuentealbilla,1826,920,906
02,Albacete,35,Gineta (La),2052,1012,1040
02,Albacete,36,Golosalvo,108,50,58
02,Albacete,37,Hellín,27609,13760,13849
02,Albacete,38,Herrera (La),385,197,188
02,Albacete,39,Higueruela,1318,667,651
02,Albacete,40,Hoya-Gonzalo,778,395,383
02,Albacete,41,Jorquera,552,295,257
02,Albacete,42,Letur,1271,626,645
02,Albacete,43,Lezuza,1733,903,830
02,Albacete,44,Liétor,1629,838,791
02,Albacete,45,Madrigueras,4517,2291,2226
02,Albacete,46,Mahora,1358,672,686
02,Albacete,47,Masegoso,151,87,64
02,Albacete,48,Minaya,1755,892,863
02,Albacete,49,Molinicos,1288,665,623
02,Albacete,50,Montalvos,141,71,70
02,Albacete,51,Montealegre del Castillo,2237,1133,1104
02,Albacete,52,Motilleja,508,248,260
02,Albacete,53,Munera,4029,2032,1997
02,Albacete,54,Navas de Jorquera,540,267,273
02,Albacete,55,Nerpio,1728,923,805
02,Albacete,56,Ontur,2465,1213,1252
02,Albacete,57,Ossa de Montiel,2755,1364,1391
02,Albacete,58,Paterna del Madera,539,285,254
02,Albacete,60,Peñas de San Pedro,1211,642,569
02,Albacete,59,Peñascosa,403,210,193
02,Albacete,61,Pétrola,917,467,450
02,Albacete,62,Povedilla,698,370,328
02,Albacete,901,Pozo Cañada,2664,1306,1358
02,Albacete,63,Pozohondo,1859,957,902
02,Albacete,64,Pozo-Lorente,498,243,255
02,Albacete,65,Pozuelo,677,356,321
02,Albacete,66,Recueja (La),336,167,169
02,Albacete,67,Riópar,1509,768,741
02,Albacete,68,Robledo,426,226,200
02,Albacete,69,Roda (La),13793,6935,6858
02,Albacete,70,Salobre,587,298,289
02,Albacete,71,San Pedro,1338,681,657
02,Albacete,72,Socovos,2003,1027,976
02,Albacete,73,Tarazona de la Mancha,6179,3100,3079
02,Albacete,74,Tobarra,7499,3764,3735
02,Albacete,75,Valdeganga,1936,978,958
02,Albacete,76,Vianos,496,240,256
02,Albacete,77,Villa de Ves,66,31,35
02,Albacete,78,Villalgordo del Júcar,1276,635,641
02,Albacete,79,Villamalea,3570,1831,1739
02,Albacete,80,Villapalacios,781,398,383
02,Albacete,81,Villarrobledo,22936,11325,11611
02,Albacete,82,Villatoya,182,96,86
02,Albacete,83,Villavaliente,274,145,129
02,Albacete,84,Villaverde de Guadalimar,514,273,241
02,Albacete,85,Viveros,520,280,240
02,Albacete,86,Yeste,4157,2118,2039
03,Alicante/Alacant,1,Adsubia,570,294,276
03,Alicante/Alacant,2,Agost,4146,2071,2075
03,Alicante/Alacant,3,Agres,632,340,292
03,Alicante/Alacant,4,Aigües,592,300,292
03,Alicante/Alacant,5,Albatera,9080,4603,4477
03,Alicante/Alacant,6,Alcalalí,1024,531,493
03,Alicante/Alacant,7,Alcocer de Planes,138,59,79
03,Alicante/Alacant,8,Alcoleja,256,126,130
03,Alicante/Alacant,9,Alcoy/Alcoi,60288,29079,31209
03,Alicante/Alacant,10,Alfafara,389,185,204
03,Alicante/Alacant,11,Alfàs del Pi (l'),14980,7307,7673
03,Alicante/Alacant,12,Algorfa,1507,767,740
03,Alicante/Alacant,13,Algueña,1454,724,730
03,Alicante/Alacant,14,Alicante/Alacant,283243,136055,147188
03,Alicante/Alacant,15,Almoradí,13995,7090,6905
03,Alicante/Alacant,16,Almudaina,112,60,52
03,Alicante/Alacant,17,Alqueria d'Asnar (l'),432,223,209
03,Alicante/Alacant,18,Altea,16294,8043,8251
03,Alicante/Alacant,19,Aspe,16692,8337,8355
03,Alicante/Alacant,20,Balones,184,85,99
03,Alicante/Alacant,21,Banyeres de Mariola,6983,3461,3522
03,Alicante/Alacant,22,Benasau,187,87,100
03,Alicante/Alacant,23,Beneixama,1840,919,921
03,Alicante/Alacant,24,Benejúzar,5007,2451,2556
03,Alicante/Alacant,25,Benferri,1098,569,529
03,Alicante/Alacant,26,Beniarbeig,1254,631,623
03,Alicante/Alacant,27,Beniardá,200,94,106
03,Alicante/Alacant,28,Beniarrés,1402,702,700
03,Alicante/Alacant,30,Benidoleig,910,435,475
03,Alicante/Alacant,31,Benidorm,57227,28111,29116
03,Alicante/Alacant,32,Benifallim,141,64,77
03,Alicante/Alacant,33,Benifato,155,75,80
03,Alicante/Alacant,29,Benigembla,380,190,190
03,Alicante/Alacant,34,Benijófar,2132,1056,1076
03,Alicante/Alacant,35,Benilloba,933,474,459
03,Alicante/Alacant,36,Benillup,92,47,45
03,Alicante/Alacant,37,Benimantell,401,194,207
03,Alicante/Alacant,38,Benimarfull,408,193,215
03,Alicante/Alacant,39,Benimassot,146,76,70
03,Alicante/Alacant,40,Benimeli,336,171,165
03,Alicante/Alacant,41,Benissa,10556,5249,5307
03,Alicante/Alacant,42,Benitachell/Poble Nou de Benitatxell (el),2553,1322,1231
03,Alicante/Alacant,43,Biar,3533,1726,1807
03,Alicante/Alacant,44,Bigastro,5039,2542,2497
03,Alicante/Alacant,45,Bolulla,345,165,180
03,Alicante/Alacant,46,Busot,1793,908,885
03,Alicante/Alacant,49,Callosa de Segura,15573,7818,7755
03,Alicante/Alacant,48,Callosa d'En Sarrià,7378,3850,3528
03,Alicante/Alacant,47,Calpe/Calp,18037,9091,8946
03,Alicante/Alacant,50,Campello (el),19238,9510,9728
03,Alicante/Alacant,51,Campo de Mirra/Camp de Mirra (el),402,195,207
03,Alicante/Alacant,52,Cañada,1152,548,604
03,Alicante/Alacant,53,Castalla,7735,3868,3867
03,Alicante/Alacant,54,Castell de Castells,449,222,227
03,Alicante/Alacant,55,Catral,5146,2560,2586
03,Alicante/Alacant,56,Cocentaina,10496,5146,5350
03,Alicante/Alacant,57,Confrides,306,175,131
03,Alicante/Alacant,58,Cox,5946,3046,2900
03,Alicante/Alacant,59,Crevillent,25101,12689,12412
03,Alicante/Alacant,61,Daya Nueva,1175,607,568
03,Alicante/Alacant,62,Daya Vieja,198,102,96
03,Alicante/Alacant,63,Dénia,32332,15786,16546
03,Alicante/Alacant,64,Dolores,6308,3223,3085
03,Alicante/Alacant,65,Elche/Elx,198190,98205,99985
03,Alicante/Alacant,66,Elda,51816,25262,26554
03,Alicante/Alacant,67,Facheca,130,67,63
03,Alicante/Alacant,68,Famorca,61,29,32
03,Alicante/Alacant,69,Finestrat,2333,1170,1163
03,Alicante/Alacant,70,Formentera del Segura,2176,1062,1114
03,Alicante/Alacant,72,Gaianes,316,143,173
03,Alicante/Alacant,71,Gata de Gorgos,4971,2468,2503
03,Alicante/Alacant,73,Gorga,276,141,135
03,Alicante/Alacant,74,Granja de Rocamora,1902,947,955
03,Alicante/Alacant,75,Guadalest,192,97,95
03,Alicante/Alacant,76,Guardamar del Segura,9944,4954,4990
03,Alicante/Alacant,77,Hondón de las Nieves,1679,831,848
03,Alicante/Alacant,78,Hondón de los Frailes,586,296,290
03,Alicante/Alacant,79,Ibi,21616,10759,10857
03,Alicante/Alacant,80,Jacarilla,1575,790,785
03,Alicante/Alacant,81,Jalón/Xaló,2167,1076,1091
03,Alicante/Alacant,82,Jávea/Xàbia,24645,12281,12364
03,Alicante/Alacant,83,Jijona/Xixona,7304,3443,3861
03,Alicante/Alacant,85,Llíber,533,267,266
03,Alicante/Alacant,84,Lorcha/Orxa (l'),761,376,385
03,Alicante/Alacant,86,Millena,190,90,100
03,Alicante/Alacant,88,Monforte del Cid,5389,2785,2604
03,Alicante/Alacant,89,Monóvar/Monòver,11916,5879,6037
03,Alicante/Alacant,903,Montesinos (Los),2674,1362,1312
03,Alicante/Alacant,91,Murla,320,131,189
03,Alicante/Alacant,92,Muro de Alcoy,7366,3646,3720
03,Alicante/Alacant,90,Mutxamel,15275,7623,7652
03,Alicante/Alacant,93,Novelda,24111,11973,12138
03,Alicante/Alacant,94,Nucia (la),9365,4682,4683
03,Alicante/Alacant,95,Ondara,5468,2758,2710
03,Alicante/Alacant,96,Onil,6874,3430,3444
03,Alicante/Alacant,97,Orba,1712,832,880
03,Alicante/Alacant,99,Orihuela,56129,27907,28222
03,Alicante/Alacant,98,Orxeta,422,211,211
03,Alicante/Alacant,100,Parcent,832,410,422
03,Alicante/Alacant,101,Pedreguer,6085,2995,3090
03,Alicante/Alacant,102,Pego,10113,5160,4953
03,Alicante/Alacant,103,Penàguila,372,179,193
03,Alicante/Alacant,104,Petrer,29567,14776,14791
03,Alicante/Alacant,902,Pilar de la Horadada,12179,6536,5643
03,Alicante/Alacant,105,Pinoso,6273,3120,3153
03,Alicante/Alacant,106,Planes,805,395,410
03,Alicante/Alacant,901,Poblets (els),1857,894,963
03,Alicante/Alacant,107,Polop,2243,1106,1137
03,Alicante/Alacant,60,Quatretondeta,175,88,87
03,Alicante/Alacant,109,Rafal,3366,1687,1679
03,Alicante/Alacant,110,"Ràfol d'Almúnia, el",428,215,213
03,Alicante/Alacant,111,Redován,5596,2879,2717
03,Alicante/Alacant,112,Relleu,784,391,393
03,Alicante/Alacant,113,Rojales,7954,3927,4027
03,Alicante/Alacant,114,Romana (la),2009,1016,993
03,Alicante/Alacant,115,Sagra,406,198,208
03,Alicante/Alacant,116,Salinas,1264,633,631
03,Alicante/Alacant,118,San Fulgencio,4103,2050,2053
03,Alicante/Alacant,904,San Isidro,1294,673,621
03,Alicante/Alacant,120,San Miguel de Salinas,4162,2124,2038
03,Alicante/Alacant,122,San Vicente del Raspeig/Sant Vicent del Raspeig,39053,19393,19660
03,Alicante/Alacant,117,Sanet y Negrals,570,260,310
03,Alicante/Alacant,119,Sant Joan d'Alacant,17017,8331,8686
03,Alicante/Alacant,121,Santa Pola,19720,9828,9892
03,Alicante/Alacant,123,Sax,8570,4304,4266
03,Alicante/Alacant,124,Sella,595,298,297
03,Alicante/Alacant,125,Senija,520,271,249
03,Alicante/Alacant,127,Tárbena,705,354,351
03,Alicante/Alacant,128,Teulada,10010,4990,5020
03,Alicante/Alacant,129,Tibi,1231,639,592
03,Alicante/Alacant,130,Tollos,42,26,16
03,Alicante/Alacant,131,Tormos,308,147,161
03,Alicante/Alacant,132,Torremanzanas/Torre de les Maçanes (la),703,351,352
03,Alicante/Alacant,133,Torrevieja,58828,29297,29531
03,Alicante/Alacant,134,Vall d'Alcalà (la),175,87,88
03,Alicante/Alacant,135,Vall de Ebo,351,172,179
03,Alicante/Alacant,136,Vall de Gallinera,578,302,276
03,Alicante/Alacant,137,Vall de Laguar (la),892,419,473
03,Alicante/Alacant,138,Verger (el),3758,1829,1929
03,Alicante/Alacant,139,Villajoyosa/Vila Joiosa (la),24246,11964,12282
03,Alicante/Alacant,140,Villena,32111,15865,16246
04,Almería,1,Abla,1517,750,767
04,Almería,2,Abrucena,1437,707,730
04,Almería,3,Adra,21810,10995,10815
04,Almería,4,Albánchez,575,293,282
04,Almería,5,Alboloduy,800,378,422
04,Almería,6,Albox,9661,4850,4811
04,Almería,7,Alcolea,906,455,451
04,Almería,8,Alcóntar,656,339,317
04,Almería,9,Alcudia de Monteagud,193,98,95
04,Almería,10,Alhabia,683,332,351
04,Almería,11,Alhama de Almería,3201,1601,1600
04,Almería,12,Alicún,235,117,118
04,Almería,13,Almería,170994,83249,87745
04,Almería,14,Almócita,166,87,79
04,Almería,15,Alsodux,113,56,57
04,Almería,16,Antas,2844,1450,1394
04,Almería,17,Arboleas,1615,805,810
04,Almería,18,Armuña de Almanzora,327,158,169
04,Almería,19,Bacares,295,153,142
04,Almería,20,Bayárcal,329,174,155
04,Almería,21,Bayarque,241,113,128
04,Almería,22,Bédar,597,316,281
04,Almería,23,Beires,138,66,72
04,Almería,24,Benahadux,2888,1400,1488
04,Almería,26,Benitagla,89,50,39
04,Almería,27,Benizalón,291,150,141
04,Almería,28,Bentarique,308,160,148
04,Almería,29,Berja,13331,6482,6849
04,Almería,30,Canjáyar,1656,850,806
04,Almería,31,Cantoria,3147,1588,1559
04,Almería,32,Carboneras,6660,3390,3270
04,Almería,33,Castro de Filabres,170,83,87
04,Almería,36,Chercos,297,158,139
04,Almería,37,Chirivel,1797,892,905
04,Almería,34,Cóbdar,221,111,110
04,Almería,35,Cuevas del Almanzora,10155,5214,4941
04,Almería,38,Dalías,3679,1817,1862
04,Almería,902,Ejido (El),55710,29857,25853
04,Almería,41,Enix,283,153,130
04,Almería,43,Felix,562,289,273
04,Almería,44,Fines,1783,914,869
04,Almería,45,Fiñana,2514,1230,1284
04,Almería,46,Fondón,957,501,456
04,Almería,47,Gádor,2649,1335,1314
04,Almería,48,Gallardos (Los),1897,979,918
04,Almería,49,Garrucha,5465,2807,2658
04,Almería,50,Gérgal,1050,529,521
04,Almería,51,Huécija,551,272,279
04,Almería,52,Huércal de Almería,7568,3850,3718
04,Almería,53,Huércal-Overa,14293,7041,7252
04,Almería,54,Illar,458,222,236
04,Almería,55,Instinción,538,258,280
04,Almería,56,Laroya,98,52,46
04,Almería,57,Láujar de Andarax,1808,884,924
04,Almería,58,Líjar,519,260,259
04,Almería,59,Lubrín,1673,792,881
04,Almería,60,Lucainena de las Torres,670,355,315
04,Almería,61,Lúcar,787,384,403
04,Almería,62,Macael,5786,2944,2842
04,Almería,63,María,1643,846,797
04,Almería,64,Mojácar,4983,2470,2513
04,Almería,903,Mojonera (La),6901,3806,3095
04,Almería,65,Nacimiento,509,257,252
04,Almería,66,Níjar,18371,10182,8189
04,Almería,67,Ohanes,749,375,374
04,Almería,68,Olula de Castro,189,96,93
04,Almería,69,Olula del Río,6049,2998,3051
04,Almería,70,Oria,2128,1086,1042
04,Almería,71,Padules,475,241,234
04,Almería,72,Partaloa,377,188,189
04,Almería,73,Paterna del Río,386,199,187
04,Almería,74,Pechina,2836,1441,1395
04,Almería,75,Pulpí,5997,3061,2936
04,Almería,76,Purchena,1602,794,808
04,Almería,77,Rágol,391,175,216
04,Almería,78,Rioja,1199,600,599
04,Almería,79,Roquetas de Mar,47570,24824,22746
04,Almería,80,Santa Cruz de Marchena,209,96,113
04,Almería,81,Santa Fe de Mondújar,458,222,236
04,Almería,82,Senés,323,162,161
04,Almería,83,Serón,2495,1220,1275
04,Almería,84,Sierro,472,233,239
04,Almería,85,Somontín,506,248,258
04,Almería,86,Sorbas,2651,1354,1297
04,Almería,87,Suflí,251,130,121
04,Almería,88,Tabernas,3204,1621,1583
04,Almería,89,Taberno,990,497,493
04,Almería,90,Tahal,395,211,184
04,Almería,91,Terque,456,235,221
04,Almería,92,Tíjola,3787,1859,1928
04,Almería,901,Tres Villas (Las),601,312,289
04,Almería,93,Turre,2365,1167,1198
04,Almería,94,Turrillas,249,136,113
04,Almería,95,Uleila del Campo,979,496,483
04,Almería,96,Urrácal,341,163,178
04,Almería,97,Velefique,318,163,155
04,Almería,98,Vélez-Blanco,2043,1050,993
04,Almería,99,Vélez-Rubio,6472,3120,3352
04,Almería,100,Vera,7351,3690,3661
04,Almería,101,Viator,3634,1789,1845
04,Almería,102,Vícar,16523,8900,7623
04,Almería,103,Zurgena,2099,1037,1062
05,Ávila,1,Adanero,339,185,154
05,Ávila,2,Adrada (La),1974,1028,946
05,Ávila,5,Albornos,243,136,107
05,Ávila,7,Aldeanueva de Santa Cruz,194,101,93
05,Ávila,8,Aldeaseca,330,168,162
05,Ávila,10,Aldehuela (La),268,131,137
05,Ávila,12,Amavida,197,101,96
05,Ávila,13,Arenal (El),1028,500,528
05,Ávila,14,Arenas de San Pedro,6477,3195,3282
05,Ávila,15,Arevalillo,131,64,67
05,Ávila,16,Arévalo,7474,3604,3870
05,Ávila,17,Aveinte,127,66,61
05,Ávila,18,Avellaneda,39,19,20
05,Ávila,19,Ávila,47967,23043,24924
05,Ávila,21,Barco de Ávila (El),2609,1278,1331
05,Ávila,22,Barraco (El),2046,1028,1018
05,Ávila,23,Barromán,255,140,115
05,Ávila,24,Becedas,404,208,196
05,Ávila,25,Becedillas,157,83,74
05,Ávila,26,Bercial de Zapardiel,311,147,164
05,Ávila,27,Berlanas (Las),346,186,160
05,Ávila,29,Bernuy-Zapardiel,218,124,94
05,Ávila,30,Berrocalejo de Aragona,53,31,22
05,Ávila,33,Blascomillán,280,138,142
05,Ávila,34,Blasconuño de Matacabras,19,12,7
05,Ávila,35,Blascosancho,162,82,80
05,Ávila,36,Bohodón (El),194,99,95
05,Ávila,37,Bohoyo,449,229,220
05,Ávila,38,Bonilla de la Sierra,196,107,89
05,Ávila,39,Brabos,70,40,30
05,Ávila,40,Bularros,112,63,49
05,Ávila,41,Burgohondo,1179,606,573
05,Ávila,42,Cabezas de Alambre,213,110,103
05,Ávila,43,Cabezas del Pozo,157,82,75
05,Ávila,44,Cabezas del Villar,476,246,230
05,Ávila,45,Cabizuela,143,71,72
05,Ávila,46,Canales,63,33,30
05,Ávila,47,Candeleda,5109,2636,2473
05,Ávila,48,Cantiveros,186,93,93
05,Ávila,49,Cardeñosa,581,307,274
05,Ávila,51,Carrera (La),274,135,139
05,Ávila,52,Casas del Puerto de Villatoro,93,48,45
05,Ávila,53,Casasola,155,81,74
05,Ávila,54,Casavieja,1581,828,753
05,Ávila,55,Casillas,807,421,386
05,Ávila,56,Castellanos de Zapardiel,148,81,67
05,Ávila,57,Cebreros,3201,1594,1607
05,Ávila,58,Cepeda la Mora,140,74,66
05,Ávila,67,Chamartín,111,65,46
05,Ávila,59,Cillán,145,77,68
05,Ávila,60,Cisla,193,96,97
05,Ávila,61,Colilla (La),223,113,110
05,Ávila,62,Collado de Contreras,269,146,123
05,Ávila,63,Collado del Mirón,82,44,38
05,Ávila,64,Constanzana,185,103,82
05,Ávila,65,Crespos,715,364,351
05,Ávila,66,Cuevas del Valle,629,339,290
05,Ávila,903,Diego del Carpio,287,150,137
05,Ávila,69,Donjimeno,137,72,65
05,Ávila,70,Donvidas,68,33,35
05,Ávila,72,Espinosa de los Caballeros,108,62,46
05,Ávila,73,Flores de Ávila,428,224,204
05,Ávila,74,Fontiveros,1001,510,491
05,Ávila,75,Fresnedilla,99,42,57
05,Ávila,76,Fresno (El),493,253,240
05,Ávila,77,Fuente el Saúz,297,161,136
05,Ávila,78,Fuentes de Año,191,102,89
05,Ávila,79,Gallegos de Altamiros,95,52,43
05,Ávila,80,Gallegos de Sobrinos,103,50,53
05,Ávila,81,Garganta del Villar,73,41,32
05,Ávila,82,Gavilanes,726,406,320
05,Ávila,83,Gemuño,215,104,111
05,Ávila,85,Gil García,61,28,33
05,Ávila,84,Gilbuena,121,64,57
05,Ávila,86,Gimialcón,111,62,49
05,Ávila,87,Gotarrendura,172,62,110
05,Ávila,88,Grandes y San Martín,51,26,25
05,Ávila,89,Guisando,647,345,302
05,Ávila,90,Gutierre-Muñoz,137,66,71
05,Ávila,92,Hernansancho,227,120,107
05,Ávila,93,Herradón de Pinares,493,251,242
05,Ávila,94,Herreros de Suso,213,104,109
05,Ávila,95,Higuera de las Dueñas,329,187,142
05,Ávila,96,Hija de Dios (La),112,62,50
05,Ávila,97,Horcajada (La),783,382,401
05,Ávila,99,Horcajo de las Torres,775,420,355
05,Ávila,100,Hornillo (El),404,205,199
05,Ávila,102,Hoyo de Pinares (El),2318,1192,1126
05,Ávila,101,Hoyocasero,366,190,176
05,Ávila,103,Hoyorredondo,120,65,55
05,Ávila,106,Hoyos de Miguel Muñoz,50,26,24
05,Ávila,104,Hoyos del Collado,46,29,17
05,Ávila,105,Hoyos del Espino,437,245,192
05,Ávila,107,Hurtumpascual,112,65,47
05,Ávila,108,Junciana,105,57,48
05,Ávila,109,Langa,578,298,280
05,Ávila,110,Lanzahíta,888,457,431
05,Ávila,113,Llanos de Tormes (Los),119,63,56
05,Ávila,112,Losar del Barco (El),137,69,68
05,Ávila,114,Madrigal de las Altas Torres,1972,1009,963
05,Ávila,115,Maello,633,313,320
05,Ávila,116,Malpartida de Corneja,200,101,99
05,Ávila,117,Mamblas,272,153,119
05,Ávila,118,Mancera de Arriba,142,71,71
05,Ávila,119,Manjabálago,66,32,34
05,Ávila,120,Marlín,43,24,19
05,Ávila,121,Martiherrero,194,103,91
05,Ávila,122,Martínez,232,125,107
05,Ávila,123,Mediana de Voltoya,113,59,54
05,Ávila,124,Medinilla,213,107,106
05,Ávila,125,Mengamuñoz,70,32,38
05,Ávila,126,Mesegar de Corneja,116,60,56
05,Ávila,127,Mijares,943,478,465
05,Ávila,128,Mingorría,513,256,257
05,Ávila,129,Mirón (El),243,142,101
05,Ávila,130,Mironcillo,131,70,61
05,Ávila,131,Mirueña de los Infanzones,184,90,94
05,Ávila,132,Mombeltrán,1143,591,552
05,Ávila,133,Monsalupe,94,43,51
05,Ávila,134,Moraleja de Matacabras,72,35,37
05,Ávila,135,Muñana,569,290,279
05,Ávila,136,Muñico,141,73,68
05,Ávila,138,Muñogalindo,448,246,202
05,Ávila,139,Muñogrande,105,54,51
05,Ávila,140,Muñomer del Peco,127,68,59
05,Ávila,141,Muñopepe,104,60,44
05,Ávila,142,Muñosancho,165,76,89
05,Ávila,143,Muñotello,124,64,60
05,Ávila,144,Narrillos del Álamo,163,85,78
05,Ávila,145,Narrillos del Rebollar,72,37,35
05,Ávila,149,Narros de Saldueña,173,99,74
05,Ávila,147,Narros del Castillo,234,131,103
05,Ávila,148,Narros del Puerto,50,27,23
05,Ávila,152,Nava de Arévalo,988,517,471
05,Ávila,153,Nava del Barco,171,88,83
05,Ávila,151,Navacepedilla de Corneja,140,79,61
05,Ávila,154,Navadijos,58,35,23
05,Ávila,155,Navaescurial,80,44,36
05,Ávila,156,Navahondilla,143,84,59
05,Ávila,157,Navalacruz,295,143,152
05,Ávila,158,Navalmoral,572,291,281
05,Ávila,159,Navalonguilla,433,216,217
05,Ávila,160,Navalosa,488,256,232
05,Ávila,161,Navalperal de Pinares,806,395,411
05,Ávila,162,Navalperal de Tormes,138,77,61
05,Ávila,163,Navaluenga,2032,1022,1010
05,Ávila,164,Navaquesera,59,24,35
05,Ávila,165,Navarredonda de Gredos,489,252,237
05,Ávila,166,Navarredondilla,308,150,158
05,Ávila,167,Navarrevisca,371,189,182
05,Ávila,168,Navas del Marqués (Las),4308,2183,2125
05,Ávila,169,Navatalgordo,386,197,189
05,Ávila,170,Navatejares,93,41,52
05,Ávila,171,Neila de San Miguel,116,62,54
05,Ávila,172,Niharra,192,98,94
05,Ávila,173,Ojos-Albos,60,34,26
05,Ávila,174,Orbita,102,52,50
05,Ávila,175,Oso (El),229,129,100
05,Ávila,176,Padiernos,249,131,118
05,Ávila,177,Pajares de Adaja,195,101,94
05,Ávila,178,Palacios de Goda,503,251,252
05,Ávila,179,Papatrigo,336,171,165
05,Ávila,180,Parral (El),130,69,61
05,Ávila,181,Pascualcobo,49,28,21
05,Ávila,182,Pedro Bernardo,1247,644,603
05,Ávila,183,Pedro-Rodríguez,222,106,116
05,Ávila,184,Peguerinos,304,160,144
05,Ávila,185,Peñalba de Ávila,126,71,55
05,Ávila,186,Piedrahíta,2127,1032,1095
05,Ávila,187,Piedralaves,2087,1057,1030
05,Ávila,188,Poveda,84,48,36
05,Ávila,189,Poyales del Hoyo,671,335,336
05,Ávila,190,Pozanco,54,31,23
05,Ávila,191,Pradosegar,170,93,77
05,Ávila,192,Puerto Castilla,151,89,62
05,Ávila,193,Rasueros,330,175,155
05,Ávila,194,Riocabado,208,112,96
05,Ávila,195,Riofrío,320,178,142
05,Ávila,196,Rivilla de Barajas,76,37,39
05,Ávila,197,Salobral,130,66,64
05,Ávila,198,Salvadiós,120,59,61
05,Ávila,199,San Bartolomé de Béjar,74,34,40
05,Ávila,200,San Bartolomé de Corneja,105,54,51
05,Ávila,201,San Bartolomé de Pinares,741,392,349
05,Ávila,206,San Esteban de los Patos,44,23,21
05,Ávila,208,San Esteban de Zapardiel,68,36,32
05,Ávila,207,San Esteban del Valle,868,451,417
05,Ávila,209,San García de Ingelmos,159,84,75
05,Ávila,901,San Juan de Gredos,394,206,188
05,Ávila,210,San Juan de la Encinilla,129,62,67
05,Ávila,211,San Juan de la Nava,683,355,328
05,Ávila,212,San Juan del Molinillo,352,199,153
05,Ávila,213,San Juan del Olmo,175,100,75
05,Ávila,214,San Lorenzo de Tormes,54,27,27
05,Ávila,215,San Martín de la Vega del Alberche,293,166,127
05,Ávila,216,San Martín del Pimpollar,315,169,146
05,Ávila,217,San Miguel de Corneja,102,45,57
05,Ávila,218,San Miguel de Serrezuela,205,109,96
05,Ávila,219,San Pascual,53,35,18
05,Ávila,220,San Pedro del Arroyo,510,257,253
05,Ávila,231,San Vicente de Arévalo,229,114,115
05,Ávila,204,Sanchidrián,781,392,389
05,Ávila,205,Sanchorreja,138,67,71
05,Ávila,222,Santa Cruz de Pinares,217,117,100
05,Ávila,221,Santa Cruz del Valle,592,306,286
05,Ávila,226,Santa María de los Caballeros,147,73,74
05,Ávila,224,Santa María del Arroyo,131,66,65
05,Ávila,225,Santa María del Berrocal,546,254,292
05,Ávila,902,Santa María del Cubillo,393,225,168
05,Ávila,227,Santa María del Tiétar,408,218,190
05,Ávila,228,Santiago del Collado,271,168,103
05,Ávila,904,Santiago del Tormes,248,126,122
05,Ávila,229,Santo Domingo de las Posadas,88,43,45
05,Ávila,230,Santo Tomé de Zabarcos,112,61,51
05,Ávila,232,Serrada (La),149,77,72
05,Ávila,233,Serranillos,413,217,196
05,Ávila,234,Sigeres,76,38,38
05,Ávila,235,Sinlabajos,227,121,106
05,Ávila,236,Solana de Ávila,205,106,99
05,Ávila,237,Solana de Rioalmar,291,154,137
05,Ávila,238,Solosancho,1017,533,484
05,Ávila,239,Sotalbo,273,145,128
05,Ávila,240,Sotillo de la Adrada,3618,1790,1828
05,Ávila,241,Tiemblo (El),3625,1829,1796
05,Ávila,242,Tiñosillos,766,410,356
05,Ávila,243,Tolbaños,134,65,69
05,Ávila,244,Tormellas,107,57,50
05,Ávila,245,Tornadizos de Ávila,362,177,185
05,Ávila,247,Torre (La),413,227,186
05,Ávila,246,Tórtoles,120,62,58
05,Ávila,249,Umbrías,157,84,73
05,Ávila,251,Vadillo de la Sierra,148,78,70
05,Ávila,252,Valdecasa,109,59,50
05,Ávila,253,Vega de Santa María,146,81,65
05,Ávila,254,Velayos,253,123,130
05,Ávila,256,Villaflor,172,89,83
05,Ávila,257,Villafranca de la Sierra,203,109,94
05,Ávila,905,Villanueva de Ávila,415,215,200
05,Ávila,258,Villanueva de Gómez,155,73,82
05,Ávila,259,Villanueva del Aceral,177,82,95
05,Ávila,260,Villanueva del Campillo,198,101,97
05,Ávila,261,Villar de Corneja,80,39,41
05,Ávila,262,Villarejo del Valle,513,270,243
05,Ávila,263,Villatoro,236,134,102
05,Ávila,264,Viñegra de Moraña,94,51,43
05,Ávila,265,Vita,122,74,48
05,Ávila,266,Zapardiel de la Cañada,181,88,93
05,Ávila,267,Zapardiel de la Ribera,135,68,67
06,Badajoz,1,Acedera,942,497,445
06,Badajoz,2,Aceuchal,5285,2607,2678
06,Badajoz,3,Ahillones,1168,574,594
06,Badajoz,4,Alange,2063,1055,1008
06,Badajoz,5,Albuera (La),1796,909,887
06,Badajoz,6,Alburquerque,5605,2812,2793
06,Badajoz,7,Alconchel,2069,1043,1026
06,Badajoz,8,Alconera,731,362,369
06,Badajoz,9,Aljucén,260,143,117
06,Badajoz,10,Almendral,1455,718,737
06,Badajoz,11,Almendralejo,27806,13625,14181
06,Badajoz,12,Arroyo de San Serván,3938,2020,1918
06,Badajoz,13,Atalaya,366,173,193
06,Badajoz,14,Azuaga,8745,4433,4312
06,Badajoz,15,Badajoz,136319,66108,70211
06,Badajoz,16,Barcarrota,3717,1892,1825
06,Badajoz,17,Baterno,396,204,192
06,Badajoz,18,Benquerencia de la Serena,1019,514,505
06,Badajoz,19,Berlanga,2697,1319,1378
06,Badajoz,20,Bienvenida,2364,1221,1143
06,Badajoz,21,Bodonal de la Sierra,1239,640,599
06,Badajoz,22,Burguillos del Cerro,3310,1596,1714
06,Badajoz,23,Cabeza del Buey,6003,2950,3053
06,Badajoz,24,Cabeza la Vaca,1631,807,824
06,Badajoz,25,Calamonte,6104,3054,3050
06,Badajoz,26,Calera de León,1100,559,541
06,Badajoz,27,Calzadilla de los Barros,855,424,431
06,Badajoz,28,Campanario,5681,2767,2914
06,Badajoz,29,Campillo de Llerena,1734,854,880
06,Badajoz,30,Capilla,216,106,110
06,Badajoz,31,Carmonita,650,335,315
06,Badajoz,32,Carrascalejo (El),71,41,30
06,Badajoz,33,Casas de Don Pedro,1756,868,888
06,Badajoz,34,Casas de Reina,242,114,128
06,Badajoz,35,Castilblanco,1357,671,686
06,Badajoz,36,Castuera,7114,3518,3596
06,Badajoz,42,Cheles,1323,657,666
06,Badajoz,37,Codosera (La),2372,1271,1101
06,Badajoz,38,Cordobilla de Lácara,1047,526,521
06,Badajoz,39,Coronada (La),2423,1202,1221
06,Badajoz,40,Corte de Peleas,1297,644,653
06,Badajoz,41,Cristina,556,296,260
06,Badajoz,43,Don Álvaro,683,340,343
06,Badajoz,44,Don Benito,31729,15658,16071
06,Badajoz,45,Entrín Bajo,661,327,334
06,Badajoz,46,Esparragalejo,1524,742,782
06,Badajoz,47,Esparragosa de la Serena,1125,556,569
06,Badajoz,48,Esparragosa de Lares,1150,550,600
06,Badajoz,49,Feria,1440,711,729
06,Badajoz,50,Fregenal de la Sierra,5331,2568,2763
06,Badajoz,51,Fuenlabrada de los Montes,2062,1024,1038
06,Badajoz,52,Fuente de Cantos,5071,2557,2514
06,Badajoz,53,Fuente del Arco,808,413,395
06,Badajoz,54,Fuente del Maestre,6849,3398,3451
06,Badajoz,55,Fuentes de León,2732,1341,1391
06,Badajoz,56,Garbayuela,563,296,267
06,Badajoz,57,Garlitos,783,398,385
06,Badajoz,58,Garrovilla (La),2625,1346,1279
06,Badajoz,59,Granja de Torrehermosa,2556,1262,1294
06,Badajoz,60,Guareña,7438,3754,3684
06,Badajoz,61,Haba (La),1456,739,717
06,Badajoz,62,Helechosa de los Montes,753,416,337
06,Badajoz,63,Herrera del Duque,3893,1968,1925
06,Badajoz,64,Higuera de la Serena,1200,614,586
06,Badajoz,65,Higuera de Llerena,442,214,228
06,Badajoz,66,Higuera de Vargas,2230,1116,1114
06,Badajoz,67,Higuera la Real,2547,1278,1269
06,Badajoz,68,Hinojosa del Valle,599,304,295
06,Badajoz,69,Hornachos,3857,1973,1884
06,Badajoz,70,Jerez de los Caballeros,9647,4817,4830
06,Badajoz,71,Lapa (La),317,163,154
06,Badajoz,73,Llera,956,495,461
06,Badajoz,74,Llerena,5593,2700,2893
06,Badajoz,72,Lobón,2699,1382,1317
06,Badajoz,75,Magacela,685,361,324
06,Badajoz,76,Maguilla,1133,557,576
06,Badajoz,77,Malcocinado,530,283,247
06,Badajoz,78,Malpartida de la Serena,779,403,376
06,Badajoz,79,Manchita,769,383,386
06,Badajoz,80,Medellín,2368,1193,1175
06,Badajoz,81,Medina de las Torres,1512,743,769
06,Badajoz,82,Mengabril,453,233,220
06,Badajoz,83,Mérida,51056,24857,26199
06,Badajoz,84,Mirandilla,1325,672,653
06,Badajoz,85,Monesterio,4680,2359,2321
06,Badajoz,86,Montemolín,1683,868,815
06,Badajoz,87,Monterrubio de la Serena,3047,1482,1565
06,Badajoz,88,Montijo,15408,7605,7803
06,Badajoz,89,Morera (La),790,396,394
06,Badajoz,90,Nava de Santiago (La),1159,581,578
06,Badajoz,91,Navalvillar de Pela,4917,2492,2425
06,Badajoz,92,Nogales,777,390,387
06,Badajoz,93,Oliva de la Frontera,5933,2960,2973
06,Badajoz,94,Oliva de Mérida,1966,977,989
06,Badajoz,95,Olivenza,10739,5301,5438
06,Badajoz,96,Orellana de la Sierra,360,185,175
06,Badajoz,97,Orellana la Vieja,3356,1683,1673
06,Badajoz,98,Palomas,699,369,330
06,Badajoz,99,Parra (La),1417,725,692
06,Badajoz,100,Peñalsordo,1501,720,781
06,Badajoz,101,Peraleda del Zaucejo,642,330,312
06,Badajoz,102,Puebla de Alcocer,1437,698,739
06,Badajoz,103,Puebla de la Calzada,5539,2739,2800
06,Badajoz,104,Puebla de la Reina,901,466,435
06,Badajoz,107,Puebla de Obando,2024,1032,992
06,Badajoz,108,Puebla de Sancho Pérez,2892,1457,1435
06,Badajoz,105,Puebla del Maestre,919,453,466
06,Badajoz,106,Puebla del Prior,563,281,282
06,Badajoz,902,Pueblonuevo del Guadiana,1973,1011,962
06,Badajoz,109,Quintana de la Serena,5171,2620,2551
06,Badajoz,110,Reina,224,117,107
06,Badajoz,111,Rena,663,326,337
06,Badajoz,112,Retamal de Llerena,549,290,259
06,Badajoz,113,Ribera del Fresno,3417,1661,1756
06,Badajoz,114,Risco,220,103,117
06,Badajoz,115,Roca de la Sierra (La),1610,803,807
06,Badajoz,116,Salvaleón,2211,1111,1100
06,Badajoz,117,Salvatierra de los Barros,1951,962,989
06,Badajoz,119,San Pedro de Mérida,815,411,404
06,Badajoz,123,San Vicente de Alcántara,5927,2931,2996
06,Badajoz,118,Sancti-Spíritus,292,138,154
06,Badajoz,120,Santa Amalia,4380,2192,2188
06,Badajoz,121,Santa Marta,4102,2008,2094
06,Badajoz,122,Santos de Maimona (Los),7902,3948,3954
06,Badajoz,124,Segura de León,2283,1141,1142
06,Badajoz,125,Siruela,2441,1207,1234
06,Badajoz,126,Solana de los Barros,2793,1403,1390
06,Badajoz,127,Talarrubias,3630,1788,1842
06,Badajoz,128,Talavera la Real,5295,2670,2625
06,Badajoz,129,Táliga,762,389,373
06,Badajoz,130,Tamurejo,269,133,136
06,Badajoz,131,Torre de Miguel Sesmero,1274,635,639
06,Badajoz,132,Torremayor,1051,508,543
06,Badajoz,133,Torremejía,2073,1059,1014
06,Badajoz,134,Trasierra,720,384,336
06,Badajoz,135,Trujillanos,1358,719,639
06,Badajoz,136,Usagre,2071,1046,1025
06,Badajoz,137,Valdecaballeros,1418,713,705
06,Badajoz,901,Valdelacalzada,2590,1333,1257
06,Badajoz,138,Valdetorres,1387,698,689
06,Badajoz,139,Valencia de las Torres,831,419,412
06,Badajoz,140,Valencia del Mombuey,811,395,416
06,Badajoz,141,Valencia del Ventoso,2339,1152,1187
06,Badajoz,146,Valle de la Serena,1568,770,798
06,Badajoz,147,Valle de Matamoros,494,243,251
06,Badajoz,148,Valle de Santa Ana,1230,627,603
06,Badajoz,142,Valverde de Burguillos,383,193,190
06,Badajoz,143,Valverde de Leganés,3789,1908,1881
06,Badajoz,144,Valverde de Llerena,818,387,431
06,Badajoz,145,Valverde de Mérida,1148,570,578
06,Badajoz,149,Villafranca de los Barros,12531,6213,6318
06,Badajoz,150,Villagarcía de la Torre,1033,514,519
06,Badajoz,151,Villagonzalo,1429,704,725
06,Badajoz,152,Villalba de los Barros,1721,875,846
06,Badajoz,153,Villanueva de la Serena,23997,11834,12163
06,Badajoz,154,Villanueva del Fresno,3487,1746,1741
06,Badajoz,156,Villar de Rena,1680,878,802
06,Badajoz,155,Villar del Rey,2328,1196,1132
06,Badajoz,157,Villarta de los Montes,665,325,340
06,Badajoz,158,Zafra,15270,7362,7908
06,Badajoz,159,Zahínos,3030,1530,1500
06,Badajoz,160,Zalamea de la Serena,4633,2273,2360
06,Badajoz,162,Zarza (La),3615,1812,1803
06,Badajoz,161,Zarza-Capilla,499,260,239
07,Balears (Illes),2,Alaior,7684,3841,3843
07,Balears (Illes),1,Alaró,4121,2004,2117
07,Balears (Illes),3,Alcúdia,12942,6580,6362
07,Balears (Illes),4,Algaida,3868,1970,1898
07,Balears (Illes),5,Andratx,9034,4547,4487
07,Balears (Illes),901,Ariany,782,394,388
07,Balears (Illes),6,Artà,6228,3100,3128
07,Balears (Illes),7,Banyalbufar,534,284,250
07,Balears (Illes),8,Binissalem,5424,2638,2786
07,Balears (Illes),9,Búger,946,478,468
07,Balears (Illes),10,Bunyola,4910,2446,2464
07,Balears (Illes),11,Calvià,38841,19552,19289
07,Balears (Illes),12,Campanet,2366,1173,1193
07,Balears (Illes),13,Campos,7132,3598,3534
07,Balears (Illes),14,Capdepera,8672,4379,4293
07,Balears (Illes),64,Castell (Es),6681,3371,3310
07,Balears (Illes),15,Ciutadella de Menorca,23706,11861,11845
07,Balears (Illes),16,Consell,2403,1199,1204
07,Balears (Illes),17,Costitx,931,458,473
07,Balears (Illes),18,Deyá,677,344,333
07,Balears (Illes),26,Eivissa,34779,17483,17296
07,Balears (Illes),19,Escorca,306,163,143
07,Balears (Illes),20,Esporles,4082,2026,2056
07,Balears (Illes),21,Estellencs,371,189,182
07,Balears (Illes),22,Felanitx,15533,7828,7705
07,Balears (Illes),23,Ferreries,4134,2166,1968
07,Balears (Illes),24,Formentera,6875,3493,3382
07,Balears (Illes),25,Fornalutx,624,313,311
07,Balears (Illes),27,Inca,23361,11683,11678
07,Balears (Illes),28,Lloret de Vistalegre,966,472,494
07,Balears (Illes),29,Lloseta,4736,2368,2368
07,Balears (Illes),30,Llubí,1931,964,967
07,Balears (Illes),31,Llucmajor,24750,12411,12339
07,Balears (Illes),32,Mahón,23993,11803,12190
07,Balears (Illes),33,Manacor,31575,15805,15770
07,Balears (Illes),34,Mancor de la Vall,924,450,474
07,Balears (Illes),35,Maria de la Salut,1861,925,936
07,Balears (Illes),36,Marratxí,22275,11231,11044
07,Balears (Illes),37,Mercadal (Es),3268,1657,1611
07,Balears (Illes),902,Migjorn Gran (Es),1204,614,590
07,Balears (Illes),38,Montuïri,2406,1227,1179
07,Balears (Illes),39,Muro,6359,3203,3156
07,Balears (Illes),40,Palma de Mallorca,346720,169601,177119
07,Balears (Illes),41,Petra,2634,1309,1325
07,Balears (Illes),44,Pobla (Sa),10736,5620,5116
07,Balears (Illes),42,Pollença,14647,7302,7345
07,Balears (Illes),43,Porreres,4363,2258,2105
07,Balears (Illes),45,Puigpunyent,1314,663,651
07,Balears (Illes),59,Salines (Ses),3478,1769,1709
07,Balears (Illes),46,Sant Antoni de Portmany,16209,8277,7932
07,Balears (Illes),49,Sant Joan,1691,844,847
07,Balears (Illes),50,Sant Joan de Labritja,4401,2228,2173
07,Balears (Illes),48,Sant Josep de sa Talaia,15190,7780,7410
07,Balears (Illes),51,Sant Llorenç des Cardassar,6692,3385,3307
07,Balears (Illes),52,Sant Lluís,4626,2320,2306
07,Balears (Illes),53,Santa Eugènia,1265,632,633
07,Balears (Illes),54,Santa Eulalia del Río,23755,12196,11559
07,Balears (Illes),55,Santa Margalida,8306,4159,4147
07,Balears (Illes),56,Santa María del Camí,4937,2449,2488
07,Balears (Illes),57,Santanyí,9405,4801,4604
07,Balears (Illes),58,Selva,2975,1457,1518
07,Balears (Illes),47,Sencelles,2214,1143,1071
07,Balears (Illes),60,Sineu,2789,1368,1421
07,Balears (Illes),61,Sóller,11705,5852,5853
07,Balears (Illes),62,Son Servera,10179,5158,5021
07,Balears (Illes),63,Valldemosa,1770,872,898
07,Balears (Illes),65,Vilafranca de Bonany,2431,1206,1225
08,Barcelona,1,Abrera,8454,4363,4091
08,Barcelona,2,Aguilar de Segarra,208,104,104
08,Barcelona,14,Aiguafreda,2131,1053,1078
08,Barcelona,3,Alella,8614,4295,4319
08,Barcelona,4,Alpens,274,144,130
08,Barcelona,5,Ametlla del Vallès (L'),5910,2910,3000
08,Barcelona,6,Arenys de Mar,12819,6184,6635
08,Barcelona,7,Arenys de Munt,6512,3231,3281
08,Barcelona,8,Argençola,188,101,87
08,Barcelona,9,Argentona,9791,4856,4935
08,Barcelona,10,Artés,4443,2214,2229
08,Barcelona,11,Avià,1892,959,933
08,Barcelona,12,Avinyó,2019,997,1022
08,Barcelona,13,Avinyonet del Penedès,1254,667,587
08,Barcelona,15,Badalona,208994,103377,105617
08,Barcelona,904,Badia del Vallès,15032,7552,7480
08,Barcelona,16,Bagà,2091,1006,1085
08,Barcelona,17,Balenyà,3171,1594,1577
08,Barcelona,18,Balsareny,3246,1609,1637
08,Barcelona,252,Barberà del Vallès,26741,13423,13318
08,Barcelona,19,Barcelona,1505325,704105,801220
08,Barcelona,20,Begues,4553,2294,2259
08,Barcelona,21,Bellprat,94,54,40
08,Barcelona,22,Berga,14509,7037,7472
08,Barcelona,23,Bigues i Riells,5703,2996,2707
08,Barcelona,24,Borredà,482,244,238
08,Barcelona,25,Bruc (El),1119,587,532
08,Barcelona,26,Brull (El),195,105,90
08,Barcelona,27,Cabanyes (Les),569,298,271
08,Barcelona,29,Cabrera de Mar,3795,1930,1865
08,Barcelona,28,Cabrera d'Igualada,609,333,276
08,Barcelona,30,Cabrils,4985,2441,2544
08,Barcelona,31,Calaf,3039,1524,1515
08,Barcelona,34,Calders,778,409,369
08,Barcelona,33,Caldes de Montbui,12789,6347,6442
08,Barcelona,32,Caldes d'Estrac,2028,999,1029
08,Barcelona,35,Calella,13814,6738,7076
08,Barcelona,37,Calldetenes,2056,1062,994
08,Barcelona,38,Callús,1327,652,675
08,Barcelona,36,Calonge de Segarra,199,102,97
08,Barcelona,39,Campins,293,154,139
08,Barcelona,40,Canet de Mar,10585,5222,5363
08,Barcelona,41,Canovelles,13118,6652,6466
08,Barcelona,42,Cànoves i Samalús,1945,1014,931
08,Barcelona,43,Canyelles,2008,1068,940
08,Barcelona,44,Capellades,4950,2420,2530
08,Barcelona,45,Capolat,60,35,25
08,Barcelona,46,Cardedeu,12635,6288,6347
08,Barcelona,47,Cardona,5515,2690,2825
08,Barcelona,48,Carme,684,350,334
08,Barcelona,49,Casserres,1595,761,834
08,Barcelona,57,Castell de l'Areny,48,30,18
08,Barcelona,52,Castellar de n'Hug,186,97,89
08,Barcelona,50,Castellar del Riu,120,69,51
08,Barcelona,51,Castellar del Vallès,18136,9092,9044
08,Barcelona,53,Castellbell i el Vilar,2904,1465,1439
08,Barcelona,54,Castellbisbal,8696,4461,4235
08,Barcelona,55,Castellcir,371,211,160
08,Barcelona,56,Castelldefels,46786,23396,23390
08,Barcelona,58,Castellet i la Gornal,1462,740,722
08,Barcelona,60,Castellfollit de Riubregós,228,113,115
08,Barcelona,59,Castellfollit del Boix,384,186,198
08,Barcelona,61,Castellgalí,984,513,471
08,Barcelona,62,Castellnou de Bages,542,286,256
08,Barcelona,63,Castellolí,421,217,204
08,Barcelona,64,Castellterçol,2018,988,1030
08,Barcelona,65,Castellví de la Marca,1434,730,704
08,Barcelona,66,Castellví de Rosanes,1158,597,561
08,Barcelona,67,Centelles,5826,2877,2949
08,Barcelona,268,Cercs,1439,727,712
08,Barcelona,266,Cerdanyola del Vallès,53481,26787,26694
08,Barcelona,68,Cervelló,6295,3175,3120
08,Barcelona,69,Collbató,2286,1225,1061
08,Barcelona,70,Collsuspina,250,134,116
08,Barcelona,71,Copons,288,138,150
08,Barcelona,72,Corbera de Llobregat,9573,4904,4669
08,Barcelona,73,Cornellà de Llobregat,81145,39926,41219
08,Barcelona,74,Cubelles,7028,3580,3448
08,Barcelona,75,Dosrius,3050,1539,1511
08,Barcelona,76,Esparreguera,17824,9032,8792
08,Barcelona,77,Esplugues de Llobregat,45731,22488,23243
08,Barcelona,78,Espunyola (L'),260,132,128
08,Barcelona,79,Estany (L'),391,187,204
08,Barcelona,134,Figaró-Montmany,877,470,407
08,Barcelona,80,Fígols,49,28,21
08,Barcelona,82,Fogars de la Selva,706,368,338
08,Barcelona,81,Fogars de Montclús,344,185,159
08,Barcelona,83,Folgueroles,1640,819,821
08,Barcelona,84,Fonollosa,1018,521,497
08,Barcelona,85,Font-rubí,1249,650,599
08,Barcelona,86,Franqueses del Vallès (Les),12941,6483,6458
08,Barcelona,90,Gaià,166,89,77
08,Barcelona,87,Gallifa,162,87,75
08,Barcelona,88,Garriga (La),11953,5782,6171
08,Barcelona,89,Gavà,39619,19751,19868
08,Barcelona,91,Gelida,4457,2254,2203
08,Barcelona,92,Gironella,4875,2358,2517
08,Barcelona,93,Gisclareny,25,13,12
08,Barcelona,94,Granada (La),1359,665,694
08,Barcelona,95,Granera,61,40,21
08,Barcelona,96,Granollers,53681,26262,27419
08,Barcelona,97,Gualba,799,411,388
08,Barcelona,99,Guardiola de Berguedà,968,493,475
08,Barcelona,100,Gurb,1937,989,948
08,Barcelona,101,Hospitalet de Llobregat (L'),242480,118476,124004
08,Barcelona,162,Hostalets de Pierola (Els),1337,696,641
08,Barcelona,102,Igualada,32935,16014,16921
08,Barcelona,103,Jorba,593,284,309
08,Barcelona,104,Llacuna (La),852,447,405
08,Barcelona,105,Llagosta (La),12124,6108,6016
08,Barcelona,107,Lliçà d'Amunt,10209,5279,4930
08,Barcelona,108,Lliçà de Vall,5236,2681,2555
08,Barcelona,106,Llinars del Vallès,7135,3600,3535
08,Barcelona,109,Lluçà,283,158,125
08,Barcelona,110,Malgrat de Mar,14246,7114,7132
08,Barcelona,111,Malla,252,115,137
08,Barcelona,112,Manlleu,17872,9018,8854
08,Barcelona,113,Manresa,63929,30850,33079
08,Barcelona,242,Marganell,243,102,141
08,Barcelona,114,Martorell,22537,11429,11108
08,Barcelona,115,Martorelles,4942,2476,2466
08,Barcelona,116,Masies de Roda (Les),670,336,334
08,Barcelona,117,Masies de Voltregà (Les),2784,1347,1437
08,Barcelona,118,Masnou (El),21121,10243,10878
08,Barcelona,119,Masquefa,5210,2671,2539
08,Barcelona,120,Matadepera,7197,3609,3588
08,Barcelona,121,Mataró,107191,52974,54217
08,Barcelona,122,Mediona,1465,762,703
08,Barcelona,138,Moià,4089,2016,2073
08,Barcelona,123,Molins de Rei,20198,9926,10272
08,Barcelona,124,Mollet del Vallès,46897,23472,23425
08,Barcelona,128,Monistrol de Calders,607,301,306
08,Barcelona,127,Monistrol de Montserrat,2559,1309,1250
08,Barcelona,125,Montcada i Reixac,28714,14159,14555
08,Barcelona,130,Montclar,120,62,58
08,Barcelona,131,Montesquiu,834,413,421
08,Barcelona,126,Montgat,8423,4176,4247
08,Barcelona,132,Montmajor,459,241,218
08,Barcelona,133,Montmaneu,190,100,90
08,Barcelona,135,Montmeló,8613,4316,4297
08,Barcelona,136,Montornès del Vallès,12771,6476,6295
08,Barcelona,137,Montseny,291,150,141
08,Barcelona,129,Muntanyola,329,181,148
08,Barcelona,139,Mura,221,122,99
08,Barcelona,140,Navarcles,5363,2668,2695
08,Barcelona,141,Navàs,5580,2777,2803
08,Barcelona,142,Nou de Berguedà (La),160,85,75
08,Barcelona,143,Òdena,2697,1341,1356
08,Barcelona,145,Olèrdola,2326,1197,1129
08,Barcelona,146,Olesa de Bonesvalls,1015,549,466
08,Barcelona,147,Olesa de Montserrat,17768,8988,8780
08,Barcelona,148,Olivella,1443,768,675
08,Barcelona,149,Olost,1177,581,596
08,Barcelona,144,Olvan,891,432,459
08,Barcelona,150,Orís,230,114,116
08,Barcelona,151,Oristà,639,311,328
08,Barcelona,152,Orpí,146,80,66
08,Barcelona,153,Òrrius,397,208,189
08,Barcelona,154,Pacs del Penedès,694,347,347
08,Barcelona,155,Palafolls,5638,2843,2795
08,Barcelona,156,Palau-solità i Plegamans,11419,5827,5592
08,Barcelona,157,Pallejà,7751,3915,3836
08,Barcelona,905,Palma de Cervelló (La),2679,1361,1318
08,Barcelona,158,Papiol (El),3435,1708,1727
08,Barcelona,159,Parets del Vallès,14917,7591,7326
08,Barcelona,160,Perafita,362,178,184
08,Barcelona,161,Piera,9180,4714,4466
08,Barcelona,163,Pineda de Mar,20871,10486,10385
08,Barcelona,164,Pla del Penedès (El),895,446,449
08,Barcelona,165,Pobla de Claramunt (La),1712,880,832
08,Barcelona,166,Pobla de Lillet (La),1393,683,710
08,Barcelona,167,Polinyà,4767,2464,2303
08,Barcelona,182,Pont de Vilomara i Rocafort (El),2656,1364,1292
08,Barcelona,168,Pontons,379,200,179
08,Barcelona,169,Prat de Llobregat (El),63139,31619,31520
08,Barcelona,171,Prats de Lluçanès,2729,1342,1387
08,Barcelona,170,Prats de Rei (Els),545,272,273
08,Barcelona,230,Premià de Dalt,9146,4571,4575
08,Barcelona,172,Premià de Mar,26555,13244,13311
08,Barcelona,174,Puigdàlber,350,160,190
08,Barcelona,175,Puig-reig,4275,2059,2216
08,Barcelona,176,Pujalt,177,90,87
08,Barcelona,177,Quar (La),76,42,34
08,Barcelona,178,Rajadell,430,219,211
08,Barcelona,179,Rellinars,410,217,193
08,Barcelona,180,Ripollet,30548,15286,15262
08,Barcelona,181,Roca del Vallès (La),7588,3816,3772
08,Barcelona,183,Roda de Ter,5198,2523,2675
08,Barcelona,184,Rubí,60303,30247,30056
08,Barcelona,185,Rubió,120,69,51
08,Barcelona,901,Rupit i Pruit,341,171,170
08,Barcelona,187,Sabadell,185170,89920,95250
08,Barcelona,188,Sagàs,156,78,78
08,Barcelona,190,Saldes,311,172,139
08,Barcelona,191,Sallent,7153,3449,3704
08,Barcelona,194,Sant Adrià de Besòs,32439,16007,16432
08,Barcelona,195,Sant Agustí de Lluçanès,117,63,54
08,Barcelona,196,Sant Andreu de la Barca,21301,10875,10426
08,Barcelona,197,Sant Andreu de Llavaneres,7466,3737,3729
08,Barcelona,198,Sant Antoni de Vilamajor,3726,1871,1855
08,Barcelona,199,Sant Bartomeu del Grau,1155,620,535
08,Barcelona,200,Sant Boi de Llobregat,79463,39535,39928
08,Barcelona,201,Sant Boi de Lluçanès,550,274,276
08,Barcelona,203,Sant Cebrià de Vallalta,1904,1024,880
08,Barcelona,202,Sant Celoni,12839,6389,6450
08,Barcelona,204,Sant Climent de Llobregat,3042,1534,1508
08,Barcelona,205,Sant Cugat del Vallès,55825,27529,28296
08,Barcelona,206,Sant Cugat Sesgarrigues,736,381,355
08,Barcelona,207,Sant Esteve de Palautordera,1510,754,756
08,Barcelona,208,Sant Esteve Sesrovires,5314,2767,2547
08,Barcelona,210,Sant Feliu de Codines,4461,2237,2224
08,Barcelona,211,Sant Feliu de Llobregat,39603,19593,20010
08,Barcelona,212,Sant Feliu Sasserra,653,321,332
08,Barcelona,209,Sant Fost de Campsentelles,6479,3278,3201
08,Barcelona,213,Sant Fruitós de Bages,5719,2859,2860
08,Barcelona,215,Sant Hipòlit de Voltregà,3049,1515,1534
08,Barcelona,193,Sant Iscle de Vallalta,894,470,424
08,Barcelona,216,Sant Jaume de Frontanyà,26,14,12
08,Barcelona,218,Sant Joan de Vilatorrada,9376,4681,4695
08,Barcelona,217,Sant Joan Despí,28246,13924,14322
08,Barcelona,903,Sant Julià de Cerdanyola,228,121,107
08,Barcelona,220,Sant Julià de Vilatorta,2339,1152,1187
08,Barcelona,221,Sant Just Desvern,14182,6824,7358
08,Barcelona,222,Sant Llorenç d'Hortons,1638,831,807
08,Barcelona,223,Sant Llorenç Savall,2053,1029,1024
08,Barcelona,225,Sant Martí d'Albars,131,66,65
08,Barcelona,224,Sant Martí de Centelles,750,389,361
08,Barcelona,226,Sant Martí de Tous,1000,504,496
08,Barcelona,227,Sant Martí Sarroca,2512,1253,1259
08,Barcelona,228,Sant Martí Sesgueioles,347,172,175
08,Barcelona,229,Sant Mateu de Bages,643,313,330
08,Barcelona,231,Sant Pere de Ribes,22902,11598,11304
08,Barcelona,232,Sant Pere de Riudebitlles,2110,1040,1070
08,Barcelona,233,Sant Pere de Torelló,2213,1093,1120
08,Barcelona,234,Sant Pere de Vilamajor,2720,1426,1294
08,Barcelona,189,Sant Pere Sallavinera,153,78,75
08,Barcelona,235,Sant Pol de Mar,3821,1964,1857
08,Barcelona,236,Sant Quintí de Mediona,1795,896,899
08,Barcelona,237,Sant Quirze de Besora,1963,963,1000
08,Barcelona,238,Sant Quirze del Vallès,13259,6635,6624
08,Barcelona,239,Sant Quirze Safaja,402,220,182
08,Barcelona,240,Sant Sadurní d'Anoia,9805,4869,4936
08,Barcelona,241,Sant Sadurní d'Osormort,79,43,36
08,Barcelona,98,Sant Salvador de Guardiola,2096,1082,1014
08,Barcelona,262,Sant Vicenç de Castellet,7190,3450,3740
08,Barcelona,264,Sant Vicenç de Montalt,3709,1883,1826
08,Barcelona,265,Sant Vicenç de Torelló,1814,870,944
08,Barcelona,263,Sant Vicenç dels Horts,24885,12539,12346
08,Barcelona,243,Santa Cecília de Voltregà,201,112,89
08,Barcelona,244,Santa Coloma de Cervelló,5054,2534,2520
08,Barcelona,245,Santa Coloma de Gramenet,116064,57854,58210
08,Barcelona,246,Santa Eugènia de Berga,1979,1003,976
08,Barcelona,247,Santa Eulàlia de Riuprimer,866,451,415
08,Barcelona,248,Santa Eulàlia de Ronçana,4750,2407,2343
08,Barcelona,249,Santa Fe del Penedès,302,148,154
08,Barcelona,250,Santa Margarida de Montbui,9071,4545,4526
08,Barcelona,251,Santa Margarida i els Monjos,4834,2473,2361
08,Barcelona,253,Santa Maria de Besora,189,95,94
08,Barcelona,254,Santa Maria de Corcó,2126,1056,1070
08,Barcelona,256,Santa Maria de Martorelles,678,335,343
08,Barcelona,255,Santa Maria de Merlès,163,88,75
08,Barcelona,257,Santa Maria de Miralles,96,49,47
08,Barcelona,259,Santa Maria de Palautordera,6561,3336,3225
08,Barcelona,258,Santa Maria d'Oló,999,510,489
08,Barcelona,260,Santa Perpètua de Mogoda,19235,9717,9518
08,Barcelona,261,Santa Susanna,1996,1037,959
08,Barcelona,192,Santpedor,5446,2672,2774
08,Barcelona,267,Sentmenat,5820,2900,2920
08,Barcelona,269,Seva,2552,1305,1247
08,Barcelona,270,Sitges,20345,6432,13913
08,Barcelona,271,Sobremunt,93,41,52
08,Barcelona,272,Sora,187,101,86
08,Barcelona,273,Subirats,2557,1281,1276
08,Barcelona,274,Súria,6139,3022,3117
08,Barcelona,276,Tagamanent,215,116,99
08,Barcelona,277,Talamanca,102,58,44
08,Barcelona,278,Taradell,5168,2578,2590
08,Barcelona,275,Tavèrnoles,267,132,135
08,Barcelona,280,Tavertet,136,74,62
08,Barcelona,281,Teià,5406,2719,2687
08,Barcelona,279,Terrassa,174756,85770,88986
08,Barcelona,282,Tiana,5972,2939,3033
08,Barcelona,283,Tona,5967,2968,2999
08,Barcelona,284,Tordera,10105,5132,4973
08,Barcelona,285,Torelló,12268,6000,6268
08,Barcelona,286,Torre de Claramunt (La),2510,1298,1212
08,Barcelona,287,Torrelavit,1125,576,549
08,Barcelona,288,Torrelles de Foix,1711,913,798
08,Barcelona,289,Torrelles de Llobregat,3722,1905,1817
08,Barcelona,290,Ullastrell,1159,594,565
08,Barcelona,291,Vacarisses,2926,1554,1372
08,Barcelona,292,Vallbona d'Anoia,1076,551,525
08,Barcelona,293,Vallcebre,269,142,127
08,Barcelona,294,Vallgorguina,1413,744,669
08,Barcelona,295,Vallirana,9385,4787,4598
08,Barcelona,296,Vallromanes,1482,768,714
08,Barcelona,297,Veciana,153,82,71
08,Barcelona,298,Vic,32706,16070,16636
08,Barcelona,299,Vilada,537,273,264
08,Barcelona,301,Viladecans,57132,28769,28363
08,Barcelona,300,Viladecavalls,6035,3057,2978
08,Barcelona,305,Vilafranca del Penedès,30807,15224,15583
08,Barcelona,306,Vilalba Sasserra,467,249,218
08,Barcelona,303,Vilanova de Sau,333,152,181
08,Barcelona,302,Vilanova del Camí,10344,5208,5136
08,Barcelona,902,Vilanova del Vallès,2439,1228,1211
08,Barcelona,307,Vilanova i la Geltrú,53421,26318,27103
08,Barcelona,214,Vilassar de Dalt,7486,3717,3769
08,Barcelona,219,Vilassar de Mar,17374,8498,8876
08,Barcelona,304,Vilobí del Penedès,872,453,419
08,Barcelona,308,Viver i Serrateix,196,102,94
09,Burgos,1,Abajas,55,27,28
09,Burgos,3,Adrada de Haza,284,154,130
09,Burgos,6,Aguas Cándidas,93,54,39
09,Burgos,7,Aguilar de Bureba,86,44,42
09,Burgos,9,Albillos,154,82,72
09,Burgos,10,Alcocero de Mola,54,33,21
09,Burgos,11,Alfoz de Bricia,143,72,71
09,Burgos,907,Alfoz de Quintanadueñas,792,431,361
09,Burgos,12,Alfoz de Santa Gadea,168,84,84
09,Burgos,13,Altable,59,36,23
09,Burgos,14,Altos (Los),227,136,91
09,Burgos,16,Ameyugo,88,45,43
09,Burgos,17,Anguix,154,76,78
09,Burgos,18,Aranda de Duero,29999,14959,15040
09,Burgos,19,Arandilla,195,115,80
09,Burgos,20,Arauzo de Miel,385,216,169
09,Burgos,21,Arauzo de Salce,75,41,34
09,Burgos,22,Arauzo de Torre,106,61,45
09,Burgos,23,Arcos,283,151,132
09,Burgos,24,Arenillas de Riopisuerga,233,127,106
09,Burgos,25,Arija,229,115,114
09,Burgos,26,Arlanzón,393,214,179
09,Burgos,27,Arraya de Oca,53,28,25
09,Burgos,29,Atapuerca,199,106,93
09,Burgos,30,Ausines (Los),139,77,62
09,Burgos,32,Avellanosa de Muñó,161,83,78
09,Burgos,33,Bahabón de Esgueva,134,77,57
09,Burgos,34,Balbases (Los),358,182,176
09,Burgos,35,Baños de Valdearados,455,253,202
09,Burgos,36,Bañuelos de Bureba,47,30,17
09,Burgos,37,Barbadillo de Herreros,151,86,65
09,Burgos,38,Barbadillo del Mercado,158,89,69
09,Burgos,39,Barbadillo del Pez,106,59,47
09,Burgos,41,Barrio de Muñó,35,19,16
09,Burgos,43,Barrios de Bureba (Los),258,141,117
09,Burgos,44,Barrios de Colina,74,41,33
09,Burgos,45,Basconcillos del Tozo,373,202,171
09,Burgos,46,Bascuñana,68,38,30
09,Burgos,47,Belbimbre,79,45,34
09,Burgos,48,Belorado,2081,1059,1022
09,Burgos,50,Berberana,88,43,45
09,Burgos,51,Berlangas de Roa,258,133,125
09,Burgos,52,Berzosa de Bureba,49,29,20
09,Burgos,54,Bozoó,118,63,55
09,Burgos,55,Brazacorta,95,53,42
09,Burgos,56,Briviesca,6331,3175,3156
09,Burgos,57,Bugedo,110,80,30
09,Burgos,58,Buniel,175,98,77
09,Burgos,59,Burgos,166251,80174,86077
09,Burgos,60,Busto de Bureba,224,120,104
09,Burgos,61,Cabañes de Esgueva,266,142,124
09,Burgos,62,Cabezón de la Sierra,75,33,42
09,Burgos,63,Cabia,238,135,103
09,Burgos,64,Caleruega,419,224,195
09,Burgos,65,Campillo de Aranda,180,96,84
09,Burgos,66,Campolara,92,51,41
09,Burgos,67,Canicosa de la Sierra,628,327,301
09,Burgos,68,Cantabrana,48,28,20
09,Burgos,70,Carazo,48,28,20
09,Burgos,71,Carcedo de Bureba,48,26,22
09,Burgos,72,Carcedo de Burgos,171,99,72
09,Burgos,73,Cardeñadijo,569,295,274
09,Burgos,74,Cardeñajimeno,481,258,223
09,Burgos,75,Cardeñuela Riopico,89,48,41
09,Burgos,76,Carrias,46,31,15
09,Burgos,77,Cascajares de Bureba,60,34,26
09,Burgos,78,Cascajares de la Sierra,27,11,16
09,Burgos,79,Castellanos de Castro,69,38,31
09,Burgos,83,Castil de Peones,33,17,16
09,Burgos,82,Castildelgado,85,38,47
09,Burgos,84,Castrillo de la Reina,276,168,108
09,Burgos,85,Castrillo de la Vega,598,317,281
09,Burgos,88,Castrillo de Riopisuerga,86,45,41
09,Burgos,86,Castrillo del Val,473,272,201
09,Burgos,90,Castrillo Matajudíos,80,39,41
09,Burgos,91,Castrojeriz,989,505,484
09,Burgos,93,Cayuela,123,70,53
09,Burgos,94,Cebrecos,78,44,34
09,Burgos,95,Celada del Camino,96,45,51
09,Burgos,98,Cerezo de Río Tirón,768,413,355
09,Burgos,100,Cerratón de Juarros,78,43,35
09,Burgos,101,Ciadoncha,120,69,51
09,Burgos,102,Cillaperlata,60,34,26
09,Burgos,103,Cilleruelo de Abajo,314,176,138
09,Burgos,104,Cilleruelo de Arriba,83,45,38
09,Burgos,105,Ciruelos de Cervera,155,85,70
09,Burgos,108,Cogollos,251,138,113
09,Burgos,109,Condado de Treviño,1028,580,448
09,Burgos,110,Contreras,110,71,39
09,Burgos,112,Coruña del Conde,167,96,71
09,Burgos,113,Covarrubias,633,324,309
09,Burgos,114,Cubillo del Campo,76,41,35
09,Burgos,115,Cubo de Bureba,103,53,50
09,Burgos,117,Cueva de Roa (La),116,62,54
09,Burgos,119,Cuevas de San Clemente,67,29,38
09,Burgos,120,Encío,69,36,33
09,Burgos,122,Espinosa de Cervera,108,64,44
09,Burgos,124,Espinosa de los Monteros,2097,1076,1021
09,Burgos,123,Espinosa del Camino,42,22,20
09,Burgos,125,Estépar,828,457,371
09,Burgos,127,Fontioso,80,43,37
09,Burgos,128,Frandovínez,99,55,44
09,Burgos,129,Fresneda de la Sierra Tirón,92,49,43
09,Burgos,130,Fresneña,114,61,53
09,Burgos,131,Fresnillo de las Dueñas,316,164,152
09,Burgos,132,Fresno de Río Tirón,256,144,112
09,Burgos,133,Fresno de Rodilla,51,29,22
09,Burgos,134,Frías,264,140,124
09,Burgos,135,Fuentebureba,78,38,40
09,Burgos,136,Fuentecén,268,148,120
09,Burgos,137,Fuentelcésped,185,89,96
09,Burgos,138,Fuentelisendo,121,65,56
09,Burgos,139,Fuentemolinos,124,71,53
09,Burgos,140,Fuentenebro,198,105,93
09,Burgos,141,Fuentespina,608,324,284
09,Burgos,143,Galbarros,34,24,10
09,Burgos,144,Gallega (La),93,50,43
09,Burgos,148,Grijalba,125,62,63
09,Burgos,149,Grisaleña,51,34,17
09,Burgos,151,Gumiel de Izán,594,320,274
09,Burgos,152,Gumiel de Mercado,354,193,161
09,Burgos,154,Hacinas,212,114,98
09,Burgos,155,Haza,39,21,18
09,Burgos,159,Hontanas,67,37,30
09,Burgos,160,Hontangas,144,85,59
09,Burgos,162,Hontoria de la Cantera,135,67,68
09,Burgos,164,Hontoria de Valdearados,213,132,81
09,Burgos,163,Hontoria del Pinar,864,461,403
09,Burgos,166,Hormazas (Las),143,77,66
09,Burgos,167,Hornillos del Camino,77,44,33
09,Burgos,168,Horra (La),442,236,206
09,Burgos,169,Hortigüela,131,79,52
09,Burgos,170,Hoyales de Roa,288,140,148
09,Burgos,172,Huérmeces,149,82,67
09,Burgos,173,Huerta de Arriba,187,98,89
09,Burgos,174,Huerta de Rey,1189,624,565
09,Burgos,175,Humada,213,123,90
09,Burgos,176,Hurones,64,39,25
09,Burgos,177,Ibeas de Juarros,998,550,448
09,Burgos,178,Ibrillos,100,60,40
09,Burgos,179,Iglesiarrubia,63,36,27
09,Burgos,180,Iglesias,185,104,81
09,Burgos,181,Isar,410,188,222
09,Burgos,182,Itero del Castillo,123,67,56
09,Burgos,183,Jaramillo de la Fuente,37,21,16
09,Burgos,184,Jaramillo Quemado,17,11,6
09,Burgos,189,Junta de Traslaloma,187,101,86
09,Burgos,190,Junta de Villalba de Losa,99,50,49
09,Burgos,191,Jurisdicción de Lara,67,38,29
09,Burgos,192,Jurisdicción de San Zadornil,88,37,51
09,Burgos,194,Lerma,2502,1241,1261
09,Burgos,195,Llano de Bureba,57,34,23
09,Burgos,196,Madrigal del Monte,201,109,92
09,Burgos,197,Madrigalejo del Monte,184,101,83
09,Burgos,198,Mahamud,175,85,90
09,Burgos,199,Mambrilla de Castrejón,152,80,72
09,Burgos,200,Mambrillas de Lara,77,38,39
09,Burgos,201,Mamolar,67,36,31
09,Burgos,202,Manciles,45,24,21
09,Burgos,206,Mazuela,84,46,38
09,Burgos,208,Mecerreyes,320,164,156
09,Burgos,209,Medina de Pomar,5044,2554,2490
09,Burgos,211,Melgar de Fernamental,2003,1030,973
09,Burgos,213,Merindad de Cuesta-Urria,514,291,223
09,Burgos,214,Merindad de Montija,933,506,427
09,Burgos,906,Merindad de Río Ubierna,1337,696,641
09,Burgos,215,Merindad de Sotoscueva,569,314,255
09,Burgos,216,Merindad de Valdeporres,527,272,255
09,Burgos,217,Merindad de Valdivielso,535,280,255
09,Burgos,218,Milagros,448,242,206
09,Burgos,219,Miranda de Ebro,35470,17558,17912
09,Burgos,220,Miraveche,120,69,51
09,Burgos,221,Modúbar de la Emparedada,259,143,116
09,Burgos,223,Monasterio de la Sierra,41,24,17
09,Burgos,224,Monasterio de Rodilla,222,121,101
09,Burgos,225,Moncalvillo,121,71,50
09,Burgos,226,Monterrubio de la Demanda,94,51,43
09,Burgos,227,Montorio,166,87,79
09,Burgos,228,Moradillo de Roa,227,124,103
09,Burgos,229,Nava de Roa,262,139,123
09,Burgos,230,Navas de Bureba,50,25,25
09,Burgos,231,Nebreda,110,70,40
09,Burgos,232,Neila,228,120,108
09,Burgos,235,Olmedillo de Roa,200,107,93
09,Burgos,236,Olmillos de Muñó,43,24,19
09,Burgos,238,Oña,1600,815,785
09,Burgos,239,Oquillas,77,43,34
09,Burgos,241,Orbaneja Riopico,159,95,64
09,Burgos,242,Padilla de Abajo,103,62,41
09,Burgos,243,Padilla de Arriba,131,66,65
09,Burgos,244,Padrones de Bureba,67,36,31
09,Burgos,246,Palacios de la Sierra,883,453,430
09,Burgos,247,Palacios de Riopisuerga,33,17,16
09,Burgos,248,Palazuelos de la Sierra,78,47,31
09,Burgos,249,Palazuelos de Muñó,70,41,29
09,Burgos,250,Pampliega,432,221,211
09,Burgos,251,Pancorbo,486,257,229
09,Burgos,253,Pardilla,125,64,61
09,Burgos,255,Partido de la Sierra en Tobalina,71,46,25
09,Burgos,256,Pedrosa de Duero,536,282,254
09,Burgos,259,Pedrosa de Río Úrbel,280,156,124
09,Burgos,257,Pedrosa del Páramo,113,62,51
09,Burgos,258,Pedrosa del Príncipe,255,135,120
09,Burgos,261,Peñaranda de Duero,592,320,272
09,Burgos,262,Peral de Arlanza,240,126,114
09,Burgos,265,Piérnigas,45,31,14
09,Burgos,266,Pineda de la Sierra,128,72,56
09,Burgos,267,Pineda Trasmonte,186,101,85
09,Burgos,268,Pinilla de los Barruecos,140,73,67
09,Burgos,269,Pinilla de los Moros,48,31,17
09,Burgos,270,Pinilla Trasmonte,224,127,97
09,Burgos,272,Poza de la Sal,397,200,197
09,Burgos,273,Prádanos de Bureba,54,31,23
09,Burgos,274,Pradoluengo,1689,841,848
09,Burgos,275,Presencio,268,143,125
09,Burgos,276,Puebla de Arganzón (La),399,223,176
09,Burgos,277,Puentedura,140,80,60
09,Burgos,279,Quemada,246,138,108
09,Burgos,281,Quintana del Pidio,191,99,92
09,Burgos,280,Quintanabureba,49,26,23
09,Burgos,283,Quintanaélez,92,44,48
09,Burgos,287,Quintanaortuño,144,73,71
09,Burgos,288,Quintanapalla,120,65,55
09,Burgos,289,Quintanar de la Sierra,2044,1048,996
09,Burgos,292,Quintanavides,83,39,44
09,Burgos,294,Quintanilla de la Mata,166,89,77
09,Burgos,901,Quintanilla del Agua y Tordueles,583,299,284
09,Burgos,295,Quintanilla del Coco,117,58,59
09,Burgos,298,Quintanilla San García,98,48,50
09,Burgos,301,Quintanilla Vivar,510,251,259
09,Burgos,297,Quintanillas (Las),355,193,162
09,Burgos,302,Rabanera del Pinar,138,75,63
09,Burgos,303,Rábanos,100,59,41
09,Burgos,304,Rabé de las Calzadas,170,92,78
09,Burgos,306,Rebolledo de la Torre,170,95,75
09,Burgos,307,Redecilla del Camino,148,88,60
09,Burgos,308,Redecilla del Campo,89,47,42
09,Burgos,309,Regumiel de la Sierra,476,238,238
09,Burgos,310,Reinoso,23,15,8
09,Burgos,311,Retuerta,69,40,29
09,Burgos,314,Revilla del Campo,127,68,59
09,Burgos,316,Revilla Vallejera,134,76,58
09,Burgos,312,Revilla y Ahedo (La),125,72,53
09,Burgos,315,Revillarruz,155,79,76
09,Burgos,317,Rezmondo,24,11,13
09,Burgos,318,Riocavado de la Sierra,73,43,30
09,Burgos,321,Roa,2250,1146,1104
09,Burgos,323,Rojas,99,60,39
09,Burgos,325,Royuela de Río Franco,333,186,147
09,Burgos,326,Rubena,169,89,80
09,Burgos,327,Rublacedo de Abajo,36,19,17
09,Burgos,328,Rucandio,109,54,55
09,Burgos,329,Salas de Bureba,151,84,67
09,Burgos,330,Salas de los Infantes,2034,1034,1000
09,Burgos,332,Saldaña de Burgos,128,70,58
09,Burgos,334,Salinillas de Bureba,58,33,25
09,Burgos,335,San Adrián de Juarros,51,28,23
09,Burgos,337,San Juan del Monte,179,93,86
09,Burgos,338,San Mamés de Burgos,208,119,89
09,Burgos,339,San Martín de Rubiales,246,127,119
09,Burgos,340,San Millán de Lara,74,48,26
09,Burgos,360,San Vicente del Valle,34,21,13
09,Burgos,343,Santa Cecilia,131,73,58
09,Burgos,345,Santa Cruz de la Salceda,184,107,77
09,Burgos,346,Santa Cruz del Valle Urbión,119,68,51
09,Burgos,347,Santa Gadea del Cid,185,99,86
09,Burgos,348,Santa Inés,198,107,91
09,Burgos,350,Santa María del Campo,732,386,346
09,Burgos,351,Santa María del Invierno,65,44,21
09,Burgos,352,Santa María del Mercadillo,186,108,78
09,Burgos,353,Santa María Rivarredonda,115,60,55
09,Burgos,354,Santa Olalla de Bureba,41,20,21
09,Burgos,355,Santibáñez de Esgueva,151,75,76
09,Burgos,356,Santibáñez del Val,68,41,27
09,Burgos,358,Santo Domingo de Silos,311,196,115
09,Burgos,361,Sargentes de la Lora,168,89,79
09,Burgos,362,Sarracín,232,126,106
09,Burgos,363,Sasamón,1493,812,681
09,Burgos,365,Sequera de Haza (La),64,34,30
09,Burgos,366,Solarana,114,66,48
09,Burgos,368,Sordillos,32,19,13
09,Burgos,369,Sotillo de la Ribera,612,343,269
09,Burgos,372,Sotragero,164,87,77
09,Burgos,373,Sotresgudo,711,385,326
09,Burgos,374,Susinos del Páramo,109,53,56
09,Burgos,375,Tamarón,52,33,19
09,Burgos,377,Tardajos,638,341,297
09,Burgos,378,Tejada,54,31,23
09,Burgos,380,Terradillos de Esgueva,128,65,63
09,Burgos,381,Tinieblas de la Sierra,48,23,25
09,Burgos,382,Tobar,51,29,22
09,Burgos,384,Tordómar,395,224,171
09,Burgos,386,Torrecilla del Monte,82,44,38
09,Burgos,387,Torregalindo,141,81,60
09,Burgos,388,Torrelara,26,13,13
09,Burgos,389,Torrepadre,116,66,50
09,Burgos,390,Torresandino,831,443,388
09,Burgos,391,Tórtoles de Esgueva,519,294,225
09,Burgos,392,Tosantos,57,29,28
09,Burgos,394,Trespaderne,1037,548,489
09,Burgos,395,Tubilla del Agua,200,126,74
09,Burgos,396,Tubilla del Lago,191,104,87
09,Burgos,398,Úrbel del Castillo,90,52,38
09,Burgos,400,Vadocondes,449,236,213
09,Burgos,403,Valdeande,146,86,60
09,Burgos,405,Valdezate,186,96,90
09,Burgos,406,Valdorros,123,65,58
09,Burgos,408,Vallarta de Bureba,65,39,26
09,Burgos,904,Valle de las Navas,645,360,285
09,Burgos,908,Valle de Losa,665,379,286
09,Burgos,409,Valle de Manzanedo,130,69,61
09,Burgos,410,Valle de Mena,3367,1731,1636
09,Burgos,411,Valle de Oca,229,114,115
09,Burgos,902,Valle de Santibáñez,612,319,293
09,Burgos,905,Valle de Sedano,543,297,246
09,Burgos,412,Valle de Tobalina,1086,565,521
09,Burgos,413,Valle de Valdebezana,745,400,345
09,Burgos,414,Valle de Valdelaguna,228,128,100
09,Burgos,415,Valle de Valdelucio,357,196,161
09,Burgos,416,Valle de Zamanzas,87,50,37
09,Burgos,417,Vallejera,62,35,27
09,Burgos,418,Valles de Palenzuela,106,56,50
09,Burgos,419,Valluércanes,116,64,52
09,Burgos,407,Valmala,31,15,16
09,Burgos,422,Vid de Bureba (La),41,20,21
09,Burgos,421,Vid y Barrios (La),323,181,142
09,Burgos,423,Vileña,38,24,14
09,Burgos,427,Villadiego,1985,1083,902
09,Burgos,428,Villaescusa de Roa,172,100,72
09,Burgos,429,Villaescusa la Sombría,62,39,23
09,Burgos,430,Villaespasa,29,17,12
09,Burgos,431,Villafranca Montes de Oca,207,108,99
09,Burgos,432,Villafruela,290,161,129
09,Burgos,433,Villagalijo,65,42,23
09,Burgos,434,Villagonzalo Pedernales,829,420,409
09,Burgos,437,Villahoz,388,197,191
09,Burgos,438,Villalba de Duero,600,316,284
09,Burgos,439,Villalbilla de Burgos,700,373,327
09,Burgos,440,Villalbilla de Gumiel,130,76,54
09,Burgos,441,Villaldemiro,80,45,35
09,Burgos,442,Villalmanzo,483,266,217
09,Burgos,443,Villamayor de los Montes,242,114,128
09,Burgos,444,Villamayor de Treviño,111,63,48
09,Burgos,445,Villambistia,67,39,28
09,Burgos,446,Villamedianilla,28,13,15
09,Burgos,447,Villamiel de la Sierra,39,22,17
09,Burgos,448,Villangómez,329,180,149
09,Burgos,449,Villanueva de Argaño,122,64,58
09,Burgos,450,Villanueva de Carazo,28,16,12
09,Burgos,451,Villanueva de Gumiel,302,159,143
09,Burgos,454,Villanueva de Teba,73,40,33
09,Burgos,455,Villaquirán de la Puebla,62,35,27
09,Burgos,456,Villaquirán de los Infantes,202,100,102
09,Burgos,903,Villarcayo de Merindad de Castilla la Vieja,3801,1896,1905
09,Burgos,458,Villariezo,277,155,122
09,Burgos,460,Villasandino,260,138,122
09,Burgos,463,Villasur de Herreros,326,179,147
09,Burgos,464,Villatuelda,64,36,28
09,Burgos,466,Villaverde del Monte,190,103,87
09,Burgos,467,Villaverde-Mogina,113,69,44
09,Burgos,471,Villayerno Morquillas,167,83,84
09,Burgos,472,Villazopeque,88,51,37
09,Burgos,473,Villegas,122,70,52
09,Burgos,476,Villoruebo,54,34,20
09,Burgos,424,Viloria de Rioja,66,38,28
09,Burgos,425,Vilviestre del Pinar,748,386,362
09,Burgos,478,Vizcaínos,70,37,33
09,Burgos,480,Zael,135,71,64
09,Burgos,482,Zarzosa de Río Pisuerga,57,34,23
09,Burgos,483,Zazuar,263,138,125
09,Burgos,485,Zuñeda,86,46,40
10,Cáceres,1,Abadía,282,164,118
10,Cáceres,2,Abertura,512,269,243
10,Cáceres,3,Acebo,795,429,366
10,Cáceres,4,Acehuche,941,470,471
10,Cáceres,5,Aceituna,701,358,343
10,Cáceres,6,Ahigal,1528,794,734
10,Cáceres,7,Albalá del Caudillo,848,409,439
10,Cáceres,8,Alcántara,1776,901,875
10,Cáceres,9,Alcollarín,346,163,183
10,Cáceres,10,Alcuéscar,3064,1597,1467
10,Cáceres,12,Aldea del Cano,785,386,399
10,Cáceres,13,Aldea del Obispo (La),376,199,177
10,Cáceres,11,Aldeacentenera,912,464,448
10,Cáceres,14,Aldeanueva de la Vera,2485,1241,1244
10,Cáceres,15,Aldeanueva del Camino,776,396,380
10,Cáceres,16,Aldehuela de Jerte,373,213,160
10,Cáceres,17,Alía,1368,692,676
10,Cáceres,18,Aliseda,2210,1102,1108
10,Cáceres,19,Almaraz,1478,765,713
10,Cáceres,20,Almoharín,2156,1075,1081
10,Cáceres,21,Arroyo de la Luz,6519,3255,3264
10,Cáceres,23,Arroyomolinos,1163,593,570
10,Cáceres,22,Arroyomolinos de la Vera,576,284,292
10,Cáceres,24,Baños de Montemayor,731,345,386
10,Cáceres,25,Barrado,514,259,255
10,Cáceres,26,Belvís de Monroy,618,319,299
10,Cáceres,27,Benquerencia,107,62,45
10,Cáceres,28,Berrocalejo,126,56,70
10,Cáceres,29,Berzocana,594,298,296
10,Cáceres,30,Bohonal de Ibor,592,303,289
10,Cáceres,31,Botija,171,76,95
10,Cáceres,32,Brozas,2364,1182,1182
10,Cáceres,33,Cabañas del Castillo,528,270,258
10,Cáceres,34,Cabezabellosa,516,257,259
10,Cáceres,35,Cabezuela del Valle,2375,1232,1143
10,Cáceres,36,Cabrero,440,230,210
10,Cáceres,37,Cáceres,82034,39479,42555
10,Cáceres,38,Cachorrilla,101,47,54
10,Cáceres,39,Cadalso,587,308,279
10,Cáceres,40,Calzadilla,590,304,286
10,Cáceres,41,Caminomorisco,1236,647,589
10,Cáceres,42,Campillo de Deleitosa,127,62,65
10,Cáceres,43,Campo Lugar,1209,613,596
10,Cáceres,44,Cañamero,1916,974,942
10,Cáceres,45,Cañaveral,1403,693,710
10,Cáceres,46,Carbajo,280,147,133
10,Cáceres,47,Carcaboso,1092,624,468
10,Cáceres,48,Carrascalejo,411,211,200
10,Cáceres,49,Casar de Cáceres,4738,2373,2365
10,Cáceres,50,Casar de Palomero,1305,650,655
10,Cáceres,51,Casares de las Hurdes,701,346,355
10,Cáceres,52,Casas de Don Antonio,233,111,122
10,Cáceres,53,Casas de Don Gómez,344,180,164
10,Cáceres,56,Casas de Millán,792,402,390
10,Cáceres,57,Casas de Miravete,205,106,99
10,Cáceres,54,Casas del Castañar,673,334,339
10,Cáceres,55,Casas del Monte,867,452,415
10,Cáceres,58,Casatejada,1344,672,672
10,Cáceres,59,Casillas de Coria,537,257,280
10,Cáceres,60,Castañar de Ibor,1318,671,647
10,Cáceres,61,Ceclavín,2212,1118,1094
10,Cáceres,62,Cedillo,540,282,258
10,Cáceres,63,Cerezo,227,106,121
10,Cáceres,64,Cilleros,2112,1067,1045
10,Cáceres,65,Collado,220,118,102
10,Cáceres,66,Conquista de la Sierra,215,106,109
10,Cáceres,67,Coria,12710,6403,6307
10,Cáceres,68,Cuacos de Yuste,966,508,458
10,Cáceres,69,Cumbre (La),1152,583,569
10,Cáceres,70,Deleitosa,894,448,446
10,Cáceres,71,Descargamaría,284,153,131
10,Cáceres,72,Eljas,1227,625,602
10,Cáceres,73,Escurial,897,450,447
10,Cáceres,75,Fresnedoso de Ibor,352,172,180
10,Cáceres,76,Galisteo,1988,1008,980
10,Cáceres,77,Garciaz,1019,516,503
10,Cáceres,78,Garganta (La),589,314,275
10,Cáceres,79,Garganta la Olla,1169,612,557
10,Cáceres,80,Gargantilla,484,259,225
10,Cáceres,81,Gargüera,188,97,91
10,Cáceres,82,Garrovillas,2503,1229,1274
10,Cáceres,83,Garvín,123,67,56
10,Cáceres,84,Gata,1879,949,930
10,Cáceres,85,Gordo (El),298,146,152
10,Cáceres,86,Granja (La),408,228,180
10,Cáceres,87,Guadalupe,2348,1165,1183
10,Cáceres,88,Guijo de Coria,289,152,137
10,Cáceres,89,Guijo de Galisteo,1837,936,901
10,Cáceres,90,Guijo de Granadilla,714,355,359
10,Cáceres,91,Guijo de Santa Bárbara,483,240,243
10,Cáceres,92,Herguijuela,432,212,220
10,Cáceres,93,Hernán-Pérez,503,261,242
10,Cáceres,94,Herrera de Alcántara,312,155,157
10,Cáceres,95,Herreruela,337,170,167
10,Cáceres,96,Hervás,3860,1876,1984
10,Cáceres,97,Higuera,107,58,49
10,Cáceres,98,Hinojal,417,203,214
10,Cáceres,99,Holguera,821,423,398
10,Cáceres,100,Hoyos,983,506,477
10,Cáceres,101,Huélaga,209,105,104
10,Cáceres,102,Ibahernando,698,339,359
10,Cáceres,103,Jaraicejo,712,353,359
10,Cáceres,104,Jaraíz de la Vera,6568,3363,3205
10,Cáceres,105,Jarandilla de la Vera,3082,1527,1555
10,Cáceres,106,Jarilla,172,83,89
10,Cáceres,107,Jerte,1336,697,639
10,Cáceres,108,Ladrillar,307,164,143
10,Cáceres,109,Logrosán,2437,1239,1198
10,Cáceres,110,Losar de la Vera,3203,1701,1502
10,Cáceres,111,Madrigal de la Vera,1803,940,863
10,Cáceres,112,Madrigalejo,2176,1071,1105
10,Cáceres,113,Madroñera,3163,1574,1589
10,Cáceres,114,Majadas,1248,678,570
10,Cáceres,115,Malpartida de Cáceres,4360,2183,2177
10,Cáceres,116,Malpartida de Plasencia,4272,2091,2181
10,Cáceres,117,Marchagaz,315,158,157
10,Cáceres,118,Mata de Alcántara,370,189,181
10,Cáceres,119,Membrío,911,425,486
10,Cáceres,120,Mesas de Ibor,221,116,105
10,Cáceres,121,Miajadas,9122,4554,4568
10,Cáceres,122,Millanes,208,116,92
10,Cáceres,123,Mirabel,797,400,397
10,Cáceres,124,Mohedas de Granadilla,1110,558,552
10,Cáceres,125,Monroy,1060,551,509
10,Cáceres,126,Montánchez,2171,1077,1094
10,Cáceres,127,Montehermoso,5545,2739,2806
10,Cáceres,128,Moraleja,7903,3931,3972
10,Cáceres,129,Morcillo,470,232,238
10,Cáceres,130,Navaconcejo,1978,1005,973
10,Cáceres,131,Navalmoral de la Mata,14993,7540,7453
10,Cáceres,132,Navalvillar de Ibor,503,265,238
10,Cáceres,133,Navas del Madroño,1514,756,758
10,Cáceres,134,Navezuelas,727,382,345
10,Cáceres,135,Nuñomoral,1726,912,814
10,Cáceres,136,Oliva de Plasencia,289,150,139
10,Cáceres,137,Palomero,531,264,267
10,Cáceres,138,Pasarón de la Vera,700,352,348
10,Cáceres,139,Pedroso de Acim,137,72,65
10,Cáceres,140,Peraleda de la Mata,1455,733,722
10,Cáceres,141,Peraleda de San Román,405,197,208
10,Cáceres,142,Perales del Puerto,1013,501,512
10,Cáceres,143,Pescueza,201,94,107
10,Cáceres,144,Pesga (La),1201,632,569
10,Cáceres,145,Piedras Albas,197,98,99
10,Cáceres,146,Pinofranqueado,1644,896,748
10,Cáceres,147,Piornal,1574,786,788
10,Cáceres,148,Plasencia,38576,18901,19675
10,Cáceres,149,Plasenzuela,540,252,288
10,Cáceres,150,Portaje,403,195,208
10,Cáceres,151,Portezuelo,304,147,157
10,Cáceres,152,Pozuelo de Zarzón,609,291,318
10,Cáceres,153,Puerto de Santa Cruz,417,206,211
10,Cáceres,154,Rebollar,246,126,120
10,Cáceres,155,Riolobos,1490,784,706
10,Cáceres,156,Robledillo de Gata,170,90,80
10,Cáceres,157,Robledillo de la Vera,316,154,162
10,Cáceres,158,Robledillo de Trujillo,497,260,237
10,Cáceres,159,Robledollano,419,231,188
10,Cáceres,160,Romangordo,173,82,91
10,Cáceres,901,Rosalejo,1698,944,754
10,Cáceres,161,Ruanes,107,57,50
10,Cáceres,162,Salorino,759,380,379
10,Cáceres,163,Salvatierra de Santiago,433,215,218
10,Cáceres,164,San Martín de Trevejo,989,490,499
10,Cáceres,165,Santa Ana,357,183,174
10,Cáceres,166,Santa Cruz de la Sierra,358,184,174
10,Cáceres,167,Santa Cruz de Paniagua,437,238,199
10,Cáceres,168,Santa Marta de Magasca,300,148,152
10,Cáceres,169,Santiago de Alcántara,758,372,386
10,Cáceres,170,Santiago del Campo,306,152,154
10,Cáceres,171,Santibáñez el Alto,558,289,269
10,Cáceres,172,Santibáñez el Bajo,1034,532,502
10,Cáceres,173,Saucedilla,610,315,295
10,Cáceres,174,Segura de Toro,202,108,94
10,Cáceres,175,Serradilla,1896,968,928
10,Cáceres,176,Serrejón,492,254,238
10,Cáceres,177,Sierra de Fuentes,1610,824,786
10,Cáceres,178,Talaván,1001,495,506
10,Cáceres,179,Talaveruela de la Vera,444,210,234
10,Cáceres,180,Talayuela,10113,6293,3820
10,Cáceres,181,Tejeda de Tiétar,1023,536,487
10,Cáceres,182,Toril,179,115,64
10,Cáceres,183,Tornavacas,1364,731,633
10,Cáceres,184,Torno (El),915,464,451
10,Cáceres,187,Torre de Don Miguel,660,328,332
10,Cáceres,188,Torre de Santa María,727,366,361
10,Cáceres,185,Torrecilla de los Ángeles,757,389,368
10,Cáceres,186,Torrecillas de la Tiesa,1191,607,584
10,Cáceres,190,Torrejón el Rubio,691,354,337
10,Cáceres,189,Torrejoncillo,3524,1721,1803
10,Cáceres,191,Torremenga,555,286,269
10,Cáceres,192,Torremocha,1265,609,656
10,Cáceres,193,Torreorgaz,1665,835,830
10,Cáceres,194,Torrequemada,614,290,324
10,Cáceres,195,Trujillo,9262,4516,4746
10,Cáceres,196,Valdastillas,376,190,186
10,Cáceres,197,Valdecañas de Tajo,247,134,113
10,Cáceres,198,Valdefuentes,1511,759,752
10,Cáceres,199,Valdehúncar,214,107,107
10,Cáceres,200,Valdelacasa de Tajo,526,247,279
10,Cáceres,201,Valdemorales,271,133,138
10,Cáceres,202,Valdeobispo,816,404,412
10,Cáceres,203,Valencia de Alcántara,6076,2986,3090
10,Cáceres,204,Valverde de la Vera,570,291,279
10,Cáceres,205,Valverde del Fresno,2601,1326,1275
10,Cáceres,206,Viandar de la Vera,310,149,161
10,Cáceres,207,Villa del Campo,649,317,332
10,Cáceres,208,Villa del Rey,180,94,86
10,Cáceres,209,Villamesías,356,176,180
10,Cáceres,210,Villamiel,703,401,302
10,Cáceres,211,Villanueva de la Sierra,632,305,327
10,Cáceres,212,Villanueva de la Vera,1978,1004,974
10,Cáceres,214,Villar de Plasencia,264,134,130
10,Cáceres,213,Villar del Pedroso,791,401,390
10,Cáceres,215,Villasbuenas de Gata,503,258,245
10,Cáceres,216,Zarza de Granadilla,1765,901,864
10,Cáceres,217,Zarza de Montánchez,591,296,295
10,Cáceres,218,Zarza la Mayor,1691,850,841
10,Cáceres,219,Zorita,1970,979,991
11,Cádiz,1,Alcalá de los Gazules,5596,2886,2710
11,Cádiz,2,Alcalá del Valle,5292,3009,2283
11,Cádiz,3,Algar,1755,943,812
11,Cádiz,4,Algeciras,105066,51828,53238
11,Cádiz,5,Algodonales,5612,2866,2746
11,Cádiz,6,Arcos de la Frontera,28104,14068,14036
11,Cádiz,7,Barbate,21914,10986,10928
11,Cádiz,8,Barrios (Los),17283,8678,8605
11,Cádiz,901,Benalup-Casas Viejas,6342,3211,3131
11,Cádiz,9,Benaocaz,662,344,318
11,Cádiz,10,Bornos,7979,3961,4018
11,Cádiz,11,Bosque (El),1868,956,912
11,Cádiz,12,Cádiz,137971,66104,71867
11,Cádiz,13,Castellar de la Frontera,2575,1315,1260
11,Cádiz,15,Chiclana de la Frontera,61815,31416,30399
11,Cádiz,16,Chipiona,16814,8485,8329
11,Cádiz,14,Conil de la Frontera,18036,9160,8876
11,Cádiz,17,Espera,3934,2037,1897
11,Cádiz,18,Gastor (El),1926,1015,911
11,Cádiz,19,Grazalema,2230,1178,1052
11,Cádiz,20,Jerez de la Frontera,185091,90331,94760
11,Cádiz,21,Jimena de la Frontera,9182,4700,4482
11,Cádiz,22,Línea de la Concepción (La),60565,29663,30902
11,Cádiz,23,Medina-Sidonia,10775,5585,5190
11,Cádiz,24,Olvera,8538,4276,4262
11,Cádiz,25,Paterna de Rivera,5198,2715,2483
11,Cádiz,26,Prado del Rey,5829,2909,2920
11,Cádiz,27,Puerto de Santa María (El),76538,38151,38387
11,Cádiz,28,Puerto Real,35723,17992,17731
11,Cádiz,29,Puerto Serrano,6789,3485,3304
11,Cádiz,30,Rota,25919,13097,12822
11,Cádiz,31,San Fernando,88110,43461,44649
11,Cádiz,902,San José del Valle,4279,2144,2135
11,Cádiz,33,San Roque,23570,11922,11648
11,Cádiz,32,Sanlúcar de Barrameda,61737,30864,30873
11,Cádiz,34,Setenil de las Bodegas,3051,1564,1487
11,Cádiz,35,Tarifa,15764,7986,7778
11,Cádiz,36,Torre Alháquime,924,467,457
11,Cádiz,37,Trebujena,6943,3579,3364
11,Cádiz,38,Ubrique,17395,8614,8781
11,Cádiz,39,Vejer de la Frontera,12729,6426,6303
11,Cádiz,40,Villaluenga del Rosario,414,223,191
11,Cádiz,41,Villamartín,11954,5911,6043
11,Cádiz,42,Zahara,1555,819,736
12,Castellón/Castelló,2,Aín,166,82,84
12,Castellón/Castelló,3,Albocàsser,1348,655,693
12,Castellón/Castelló,4,Alcalà de Xivert,5750,2962,2788
12,Castellón/Castelló,5,Alcora (l'),9251,4691,4560
12,Castellón/Castelló,6,Alcudia de Veo,214,106,108
12,Castellón/Castelló,7,Alfondeguilla,908,450,458
12,Castellón/Castelló,8,Algimia de Almonacid,288,168,120
12,Castellón/Castelló,9,Almazora/Almassora,17124,8545,8579
12,Castellón/Castelló,10,Almedíjar,273,133,140
12,Castellón/Castelló,11,Almenara,4968,2450,2518
12,Castellón/Castelló,901,Alquerías del Niño Perdido,3538,1717,1821
12,Castellón/Castelló,12,Altura,3145,1558,1587
12,Castellón/Castelló,13,Arañuel,210,100,110
12,Castellón/Castelló,14,Ares del Maestre,249,123,126
12,Castellón/Castelló,15,Argelita,126,62,64
12,Castellón/Castelló,16,Artana,1835,907,928
12,Castellón/Castelló,1,Atzeneta del Maestrat,1415,721,694
12,Castellón/Castelló,17,Ayódar,241,137,104
12,Castellón/Castelló,18,Azuébar,340,168,172
12,Castellón/Castelló,20,Barracas,164,87,77
12,Castellón/Castelló,22,Bejís,381,216,165
12,Castellón/Castelló,24,Benafer,145,79,66
12,Castellón/Castelló,25,Benafigos,202,106,96
12,Castellón/Castelló,26,Benasal,1387,682,705
12,Castellón/Castelló,27,Benicarló,20644,10336,10308
12,Castellón/Castelló,28,Benicasim/Benicàssim,12808,6485,6323
12,Castellón/Castelló,29,Benlloch,887,450,437
12,Castellón/Castelló,21,Betxí,5381,2731,2650
12,Castellón/Castelló,31,Borriol,3743,1894,1849
12,Castellón/Castelló,32,Burriana,27055,13297,13758
12,Castellón/Castelló,33,Cabanes,2391,1185,1206
12,Castellón/Castelló,34,Càlig,1772,872,900
12,Castellón/Castelló,36,Canet lo Roig,878,418,460
12,Castellón/Castelló,37,Castell de Cabres,21,9,12
12,Castellón/Castelló,38,Castellfort,239,124,115
12,Castellón/Castelló,39,Castellnovo,1020,475,545
12,Castellón/Castelló,40,Castellón de la Plana/Castelló de la Plana,146563,71766,74797
12,Castellón/Castelló,41,Castillo de Villamalefa,110,55,55
12,Castellón/Castelló,42,Catí,866,450,416
12,Castellón/Castelló,43,Caudiel,690,339,351
12,Castellón/Castelló,44,Cervera del Maestre,688,327,361
12,Castellón/Castelló,52,Chert/Xert,888,430,458
12,Castellón/Castelló,53,Chilches,2324,1196,1128
12,Castellón/Castelló,55,Chodos/Xodos,151,81,70
12,Castellón/Castelló,56,Chóvar,380,193,187
12,Castellón/Castelló,45,Cinctorres,509,236,273
12,Castellón/Castelló,46,Cirat,288,155,133
12,Castellón/Castelló,48,Cortes de Arenoso,384,205,179
12,Castellón/Castelló,49,Costur,468,235,233
12,Castellón/Castelló,50,Coves de Vinromà (les),1783,901,882
12,Castellón/Castelló,51,Culla,753,383,370
12,Castellón/Castelló,57,Eslida,757,360,397
12,Castellón/Castelló,58,Espadilla,73,36,37
12,Castellón/Castelló,59,Fanzara,247,118,129
12,Castellón/Castelló,60,Figueroles,588,290,298
12,Castellón/Castelló,61,Forcall,566,269,297
12,Castellón/Castelló,63,Fuente la Reina,33,15,18
12,Castellón/Castelló,64,Fuentes de Ayódar,105,57,48
12,Castellón/Castelló,65,Gaibiel,205,110,95
12,Castellón/Castelló,67,Geldo,688,345,343
12,Castellón/Castelló,68,Herbés,103,56,47
12,Castellón/Castelló,69,Higueras,44,25,19
12,Castellón/Castelló,70,Jana (la),796,402,394
12,Castellón/Castelló,71,Jérica,1571,792,779
12,Castellón/Castelló,74,Llosa (la),914,458,456
12,Castellón/Castelló,72,Lucena del Cid,1541,790,751
12,Castellón/Castelló,73,Ludiente,218,114,104
12,Castellón/Castelló,75,Mata de Morella (la),177,91,86
12,Castellón/Castelló,76,Matet,132,69,63
12,Castellón/Castelló,77,Moncofa,4031,2063,1968
12,Castellón/Castelló,78,Montán,339,174,165
12,Castellón/Castelló,79,Montanejos,438,218,220
12,Castellón/Castelló,80,Morella,2718,1314,1404
12,Castellón/Castelló,81,Navajas,542,277,265
12,Castellón/Castelló,82,Nules,11562,5751,5811
12,Castellón/Castelló,83,Olocau del Rey,147,80,67
12,Castellón/Castelló,84,Onda,19716,9982,9734
12,Castellón/Castelló,85,Oropesa del Mar/Orpesa,4078,2081,1997
12,Castellón/Castelló,87,Palanques,25,16,9
12,Castellón/Castelló,88,Pavías,61,37,24
12,Castellón/Castelló,89,Peñíscola,4887,2503,2384
12,Castellón/Castelló,90,Pina de Montalgrao,165,87,78
12,Castellón/Castelló,93,Pobla de Benifassà (la),254,126,128
12,Castellón/Castelló,94,Pobla Tornesa (la),564,275,289
12,Castellón/Castelló,91,Portell de Morella,263,128,135
12,Castellón/Castelló,92,Puebla de Arenoso,161,81,80
12,Castellón/Castelló,95,Ribesalbes,1300,655,645
12,Castellón/Castelló,96,Rossell,1230,649,581
12,Castellón/Castelló,97,Sacañet,76,48,28
12,Castellón/Castelló,98,Salzadella (la),801,400,401
12,Castellón/Castelló,99,San Jorge,605,301,304
12,Castellón/Castelló,101,San Rafael del Río,451,237,214
12,Castellón/Castelló,902,Sant Joan de Moró,1842,961,881
12,Castellón/Castelló,100,Sant Mateu,1823,912,911
12,Castellón/Castelló,102,Santa Magdalena de Pulpis,744,393,351
12,Castellón/Castelló,103,Sarratella,85,47,38
12,Castellón/Castelló,104,Segorbe,7946,3883,4063
12,Castellón/Castelló,105,Sierra Engarcerán,1080,562,518
12,Castellón/Castelló,106,Soneja,1369,694,675
12,Castellón/Castelló,107,Sot de Ferrer,427,215,212
12,Castellón/Castelló,108,Sueras/Suera,558,277,281
12,Castellón/Castelló,109,Tales,748,366,382
12,Castellón/Castelló,110,Teresa,342,174,168
12,Castellón/Castelló,111,Tírig,549,274,275
12,Castellón/Castelló,112,Todolella,143,84,59
12,Castellón/Castelló,113,Toga,93,47,46
12,Castellón/Castelló,114,Torás,261,133,128
12,Castellón/Castelló,115,Toro (El),314,170,144
12,Castellón/Castelló,116,Torralba del Pinar,78,36,42
12,Castellón/Castelló,119,Torre d'En Besora (la),202,101,101
12,Castellón/Castelló,120,Torre Endoménech,230,116,114
12,Castellón/Castelló,117,Torreblanca,4834,2434,2400
12,Castellón/Castelló,118,Torrechiva,78,48,30
12,Castellón/Castelló,121,Traiguera,1573,820,753
12,Castellón/Castelló,122,Useras/Useres (les),979,498,481
12,Castellón/Castelló,124,Vall d'Alba,1996,1009,987
12,Castellón/Castelló,125,Vall de Almonacid,292,151,141
12,Castellón/Castelló,126,Vall d'Uixó (la),29404,14637,14767
12,Castellón/Castelló,123,Vallat,51,24,27
12,Castellón/Castelló,127,Vallibona,94,53,41
12,Castellón/Castelló,128,Vilafamés,1480,787,693
12,Castellón/Castelló,132,Vilanova d'Alcolea,666,345,321
12,Castellón/Castelló,134,Vilar de Canes,180,91,89
12,Castellón/Castelló,129,Villafranca del Cid,2580,1255,1325
12,Castellón/Castelló,130,Villahermosa del Río,441,241,200
12,Castellón/Castelló,131,Villamalur,127,70,57
12,Castellón/Castelló,133,Villanueva de Viver,75,38,37
12,Castellón/Castelló,135,Villarreal/Vila-real,42320,21089,21231
12,Castellón/Castelló,136,Villavieja,3376,1686,1690
12,Castellón/Castelló,137,Villores,62,32,30
12,Castellón/Castelló,138,Vinaròs,23142,11325,11817
12,Castellón/Castelló,139,Vistabella del Maestrazgo,433,218,215
12,Castellón/Castelló,140,Viver,1285,645,640
12,Castellón/Castelló,141,Zorita del Maestrazgo,138,69,69
12,Castellón/Castelló,142,Zucaina,209,120,89
13,Ciudad Real,1,Abenójar,1754,875,879
13,Ciudad Real,2,Agudo,2053,1047,1006
13,Ciudad Real,3,Alamillo,692,348,344
13,Ciudad Real,4,Albaladejo,1598,808,790
13,Ciudad Real,5,Alcázar de San Juan,26402,12873,13529
13,Ciudad Real,6,Alcoba,784,403,381
13,Ciudad Real,7,Alcolea de Calatrava,1630,821,809
13,Ciudad Real,8,Alcubillas,673,334,339
13,Ciudad Real,9,Aldea del Rey,2168,1062,1106
13,Ciudad Real,10,Alhambra,1245,633,612
13,Ciudad Real,11,Almadén,6976,3335,3641
13,Ciudad Real,12,Almadenejos,573,299,274
13,Ciudad Real,13,Almagro,8323,4056,4267
13,Ciudad Real,14,Almedina,751,381,370
13,Ciudad Real,15,Almodóvar del Campo,7325,3603,3722
13,Ciudad Real,16,Almuradiel,959,452,507
13,Ciudad Real,17,Anchuras,431,247,184
13,Ciudad Real,903,Arenales de San Gregorio,637,328,309
13,Ciudad Real,18,Arenas de San Juan,1077,547,530
13,Ciudad Real,19,Argamasilla de Alba,6688,3318,3370
13,Ciudad Real,20,Argamasilla de Calatrava,5372,2729,2643
13,Ciudad Real,21,Arroba de los Montes,627,320,307
13,Ciudad Real,22,Ballesteros de Calatrava,556,270,286
13,Ciudad Real,23,Bolaños de Calatrava,10978,5539,5439
13,Ciudad Real,24,Brazatortas,1224,621,603
13,Ciudad Real,25,Cabezarados,390,200,190
13,Ciudad Real,26,Cabezarrubias del Puerto,639,330,309
13,Ciudad Real,27,Calzada de Calatrava,4616,2263,2353
13,Ciudad Real,28,Campo de Criptana,13054,6424,6630
13,Ciudad Real,29,Cañada de Calatrava,78,44,34
13,Ciudad Real,30,Caracuel de Calatrava,171,95,76
13,Ciudad Real,31,Carrión de Calatrava,2640,1305,1335
13,Ciudad Real,32,Carrizosa,1663,832,831
13,Ciudad Real,33,Castellar de Santiago,2236,1093,1143
13,Ciudad Real,38,Chillón,2320,1127,1193
13,Ciudad Real,34,Ciudad Real,61280,29036,32244
13,Ciudad Real,35,Corral de Calatrava,1283,658,625
13,Ciudad Real,36,Cortijos (Los),1059,521,538
13,Ciudad Real,37,Cózar,1275,615,660
13,Ciudad Real,39,Daimiel,17326,8517,8809
13,Ciudad Real,40,Fernancaballero,1036,500,536
13,Ciudad Real,41,Fontanarejo,354,184,170
13,Ciudad Real,42,Fuencaliente,1292,679,613
13,Ciudad Real,43,Fuenllana,321,153,168
13,Ciudad Real,44,Fuente el Fresno,3529,1751,1778
13,Ciudad Real,45,Granátula de Calatrava,1020,483,537
13,Ciudad Real,46,Guadalmez,1050,531,519
13,Ciudad Real,47,Herencia,7104,3574,3530
13,Ciudad Real,48,Hinojosas de Calatrava,751,366,385
13,Ciudad Real,49,Horcajo de los Montes,1083,539,544
13,Ciudad Real,50,Labores (Las),689,334,355
13,Ciudad Real,904,Llanos del Caudillo,726,377,349
13,Ciudad Real,51,Luciana,432,220,212
13,Ciudad Real,52,Malagón,8037,3973,4064
13,Ciudad Real,53,Manzanares,17648,8653,8995
13,Ciudad Real,54,Membrilla,6624,3316,3308
13,Ciudad Real,55,Mestanza,890,432,458
13,Ciudad Real,56,Miguelturra,10280,5130,5150
13,Ciudad Real,57,Montiel,1666,839,827
13,Ciudad Real,58,Moral de Calatrava,5241,2584,2657
13,Ciudad Real,59,Navalpino,308,152,156
13,Ciudad Real,60,Navas de Estena,408,220,188
13,Ciudad Real,61,Pedro Muñoz,7263,3636,3627
13,Ciudad Real,62,Picón,670,355,315
13,Ciudad Real,63,Piedrabuena,4825,2443,2382
13,Ciudad Real,64,Poblete,794,396,398
13,Ciudad Real,65,Porzuna,3876,1965,1911
13,Ciudad Real,66,Pozuelo de Calatrava,2576,1275,1301
13,Ciudad Real,67,Pozuelos de Calatrava (Los),550,283,267
13,Ciudad Real,68,Puebla de Don Rodrigo,1348,715,633
13,Ciudad Real,69,Puebla del Príncipe,1048,517,531
13,Ciudad Real,70,Puerto Lápice,1032,522,510
13,Ciudad Real,71,Puertollano,49613,24073,25540
13,Ciudad Real,72,Retuerta del Bullaque,1022,529,493
13,Ciudad Real,901,Robledo (El),1091,578,513
13,Ciudad Real,902,Ruidera,592,311,281
13,Ciudad Real,73,Saceruela,741,384,357
13,Ciudad Real,74,San Carlos del Valle,1234,614,620
13,Ciudad Real,75,San Lorenzo de Calatrava,318,165,153
13,Ciudad Real,76,Santa Cruz de los Cáñamos,666,329,337
13,Ciudad Real,77,Santa Cruz de Mudela,4847,2388,2459
13,Ciudad Real,78,Socuéllamos,11358,5635,5723
13,Ciudad Real,79,Solana (La),15255,7654,7601
13,Ciudad Real,80,Solana del Pino,540,267,273
13,Ciudad Real,81,Terrinches,947,469,478
13,Ciudad Real,82,Tomelloso,29833,14636,15197
13,Ciudad Real,83,Torralba de Calatrava,2898,1434,1464
13,Ciudad Real,84,Torre de Juan Abad,1376,672,704
13,Ciudad Real,85,Torrenueva,3238,1637,1601
13,Ciudad Real,86,Valdemanco del Esteras,293,146,147
13,Ciudad Real,87,Valdepeñas,26494,12762,13732
13,Ciudad Real,88,Valenzuela de Calatrava,793,379,414
13,Ciudad Real,89,Villahermosa,2577,1221,1356
13,Ciudad Real,90,Villamanrique,1630,803,827
13,Ciudad Real,91,Villamayor de Calatrava,632,315,317
13,Ciudad Real,92,Villanueva de la Fuente,2657,1314,1343
13,Ciudad Real,93,Villanueva de los Infantes,5800,2794,3006
13,Ciudad Real,94,Villanueva de San Carlos,448,221,227
13,Ciudad Real,95,Villar del Pozo,103,55,48
13,Ciudad Real,96,Villarrubia de los Ojos,9585,4775,4810
13,Ciudad Real,97,Villarta de San Juan,2968,1507,1461
13,Ciudad Real,98,Viso del Marqués,3035,1515,1520
14,Córdoba,1,Adamuz,4451,2262,2189
14,Córdoba,2,Aguilar de la Frontera,13435,6646,6789
14,Córdoba,3,Alcaracejos,1430,706,724
14,Córdoba,4,Almedinilla,2544,1256,1288
14,Córdoba,5,Almodóvar del Río,6978,3456,3522
14,Córdoba,6,Añora,1606,790,816
14,Córdoba,7,Baena,19692,9758,9934
14,Córdoba,8,Belalcázar,3743,1823,1920
14,Córdoba,9,Belmez,3817,1819,1998
14,Córdoba,10,Benamejí,4800,2423,2377
14,Córdoba,11,Blázquez (Los),702,361,341
14,Córdoba,12,Bujalance,8088,3971,4117
14,Córdoba,13,Cabra,20645,10040,10605
14,Córdoba,14,Cañete de las Torres,3310,1657,1653
14,Córdoba,15,Carcabuey,2845,1428,1417
14,Córdoba,16,Cardeña,1856,945,911
14,Córdoba,17,Carlota (La),10518,5266,5252
14,Córdoba,18,Carpio (El),4461,2190,2271
14,Córdoba,19,Castro del Río,8029,3938,4091
14,Córdoba,20,Conquista,494,246,248
14,Córdoba,21,Córdoba,314034,151249,162785
14,Córdoba,22,Doña Mencía,4927,2447,2480
14,Córdoba,23,Dos Torres,2597,1277,1320
14,Córdoba,24,Encinas Reales,2383,1174,1209
14,Córdoba,25,Espejo,3920,1961,1959
14,Córdoba,26,Espiel,2473,1229,1244
14,Córdoba,27,Fernán-Núñez,9484,4727,4757
14,Córdoba,28,Fuente la Lancha,410,195,215
14,Córdoba,29,Fuente Obejuna,5817,2950,2867
14,Córdoba,30,Fuente Palmera,9861,4986,4875
14,Córdoba,31,Fuente-Tójar,808,383,425
14,Córdoba,32,Granjuela (La),500,265,235
14,Córdoba,33,Guadalcázar,1166,590,576
14,Córdoba,34,Guijo (El),389,196,193
14,Córdoba,35,Hinojosa del Duque,7866,3789,4077
14,Córdoba,36,Hornachuelos,4746,2373,2373
14,Córdoba,37,Iznájar,4964,2497,2467
14,Córdoba,38,Lucena,37016,18399,18617
14,Córdoba,39,Luque,3332,1661,1671
14,Córdoba,40,Montalbán de Córdoba,4561,2291,2270
14,Córdoba,41,Montemayor,3824,1924,1900
14,Córdoba,42,Montilla,23102,11436,11666
14,Córdoba,43,Montoro,9445,4619,4826
14,Córdoba,44,Monturque,1981,984,997
14,Córdoba,45,Moriles,3748,1870,1878
14,Córdoba,46,Nueva Carteya,5510,2784,2726
14,Córdoba,47,Obejo,1554,779,775
14,Córdoba,48,Palenciana,1572,785,787
14,Córdoba,49,Palma del Río,19389,9651,9738
14,Córdoba,50,Pedro Abad,2883,1434,1449
14,Córdoba,51,Pedroche,1815,890,925
14,Córdoba,52,Peñarroya-Pueblonuevo,12740,6072,6668
14,Córdoba,53,Posadas,7032,3479,3553
14,Córdoba,54,Pozoblanco,16408,7909,8499
14,Córdoba,55,Priego de Córdoba,22597,11056,11541
14,Córdoba,56,Puente Genil,27843,13734,14109
14,Córdoba,57,Rambla (La),7330,3651,3679
14,Córdoba,58,Rute,9862,4854,5008
14,Córdoba,59,San Sebastián de los Ballesteros,843,434,409
14,Córdoba,61,Santa Eufemia,1125,564,561
14,Córdoba,60,Santaella,5901,2952,2949
14,Córdoba,62,Torrecampo,1410,683,727
14,Córdoba,63,Valenzuela,1420,693,727
14,Córdoba,64,Valsequillo,447,217,230
14,Córdoba,65,Victoria (La),1762,878,884
14,Córdoba,66,Villa del Río,7213,3640,3573
14,Córdoba,67,Villafranca de Córdoba,3663,1883,1780
14,Córdoba,68,Villaharta,656,329,327
14,Córdoba,69,Villanueva de Córdoba,9649,4691,4958
14,Córdoba,70,Villanueva del Duque,1786,836,950
14,Córdoba,71,Villanueva del Rey,1235,629,606
14,Córdoba,72,Villaralto,1510,727,783
14,Córdoba,73,Villaviciosa de Córdoba,3783,1918,1865
14,Córdoba,74,Viso (El),2994,1452,1542
14,Córdoba,75,Zuheros,895,454,441
15,Coruña (A),1,Abegondo,5694,2846,2848
15,Coruña (A),2,Ames,17737,8613,9124
15,Coruña (A),3,Aranga,2414,1214,1200
15,Coruña (A),4,Ares,4918,2439,2479
15,Coruña (A),5,Arteixo,22709,11403,11306
15,Coruña (A),6,Arzúa,6832,3345,3487
15,Coruña (A),7,Baña (A),5230,2515,2715
15,Coruña (A),8,Bergondo,6179,3032,3147
15,Coruña (A),9,Betanzos,12423,5879,6544
15,Coruña (A),10,Boimorto,2582,1302,1280
15,Coruña (A),11,Boiro,18074,8739,9335
15,Coruña (A),12,Boqueixón,4266,2096,2170
15,Coruña (A),13,Brión,6292,3042,3250
15,Coruña (A),14,Cabana de Bergantiños,5689,2829,2860
15,Coruña (A),15,Cabanas,3292,1588,1704
15,Coruña (A),16,Camariñas,6747,3335,3412
15,Coruña (A),17,Cambre,18691,9191,9500
15,Coruña (A),18,Capela (A),1559,770,789
15,Coruña (A),19,Carballo,28497,13862,14635
15,Coruña (A),901,Cariño,4967,2410,2557
15,Coruña (A),20,Carnota,5593,2688,2905
15,Coruña (A),21,Carral,5282,2568,2714
15,Coruña (A),22,Cedeira,7595,3725,3870
15,Coruña (A),23,Cee,7320,3536,3784
15,Coruña (A),24,Cerceda,5503,2683,2820
15,Coruña (A),25,Cerdido,1638,791,847
15,Coruña (A),26,Cesuras,2595,1294,1301
15,Coruña (A),27,Coirós,1556,762,794
15,Coruña (A),28,Corcubión,2001,969,1032
15,Coruña (A),29,Coristanco,8098,3987,4111
15,Coruña (A),30,Coruña (A),239434,111387,128047
15,Coruña (A),31,Culleredo,22076,10867,11209
15,Coruña (A),32,Curtis,4432,2170,2262
15,Coruña (A),33,Dodro,3243,1578,1665
15,Coruña (A),34,Dumbría,4488,2188,2300
15,Coruña (A),35,Fene,14690,7200,7490
15,Coruña (A),36,Ferrol,80347,37528,42819
15,Coruña (A),37,Fisterra,5175,2606,2569
15,Coruña (A),38,Frades,3055,1531,1524
15,Coruña (A),39,Irixoa,1722,855,867
15,Coruña (A),41,Laracha (A),10666,5207,5459
15,Coruña (A),40,Laxe,3575,1793,1782
15,Coruña (A),42,Lousame,4117,1969,2148
15,Coruña (A),43,Malpica de Bergantiños,7172,3516,3656
15,Coruña (A),44,Mañón,1921,934,987
15,Coruña (A),45,Mazaricos,6072,2925,3147
15,Coruña (A),46,Melide,8462,4157,4305
15,Coruña (A),47,Mesía,3356,1665,1691
15,Coruña (A),48,Miño,4986,2357,2629
15,Coruña (A),49,Moeche,1536,722,814
15,Coruña (A),50,Monfero,2639,1360,1279
15,Coruña (A),51,Mugardos,5921,2870,3051
15,Coruña (A),53,Muros,10378,4989,5389
15,Coruña (A),52,Muxía,6191,3041,3150
15,Coruña (A),54,Narón,29466,14257,15209
15,Coruña (A),55,Neda,6155,2995,3160
15,Coruña (A),56,Negreira,6570,3148,3422
15,Coruña (A),57,Noia,14410,6891,7519
15,Coruña (A),58,Oleiros,26886,13067,13819
15,Coruña (A),59,Ordes,11938,5790,6148
15,Coruña (A),60,Oroso,5512,2734,2778
15,Coruña (A),61,Ortigueira,8397,3990,4407
15,Coruña (A),62,Outes,8553,4087,4466
15,Coruña (A),63,Oza dos Ríos,3219,1550,1669
15,Coruña (A),64,Paderne,2758,1311,1447
15,Coruña (A),65,Padrón,9295,4478,4817
15,Coruña (A),66,Pino (O),4945,2457,2488
15,Coruña (A),67,Pobra do Caramiñal (A),10035,4808,5227
15,Coruña (A),68,Ponteceso,7118,3552,3566
15,Coruña (A),69,Pontedeume,8912,4261,4651
15,Coruña (A),70,Pontes de García Rodríguez (As),12440,6277,6163
15,Coruña (A),71,Porto do Son,10212,5004,5208
15,Coruña (A),72,Rianxo,11780,5759,6021
15,Coruña (A),73,Ribeira,26434,12979,13455
15,Coruña (A),74,Rois,5180,2461,2719
15,Coruña (A),75,Sada,11351,5559,5792
15,Coruña (A),76,San Sadurniño,3389,1648,1741
15,Coruña (A),77,Santa Comba,10920,5371,5549
15,Coruña (A),78,Santiago de Compostela,93381,43779,49602
15,Coruña (A),79,Santiso,2262,1169,1093
15,Coruña (A),80,Sobrado,2468,1260,1208
15,Coruña (A),81,Somozas (As),1449,724,725
15,Coruña (A),82,Teo,14894,7312,7582
15,Coruña (A),83,Toques,1628,834,794
15,Coruña (A),84,Tordoia,5029,2391,2638
15,Coruña (A),85,Touro,4825,2374,2451
15,Coruña (A),86,Trazo,3800,1868,1932
15,Coruña (A),88,Val do Dubra,4874,2377,2497
15,Coruña (A),87,Valdoviño,6795,3350,3445
15,Coruña (A),89,Vedra,5111,2454,2657
15,Coruña (A),91,Vilarmaior,1398,708,690
15,Coruña (A),90,Vilasantar,1639,844,795
15,Coruña (A),92,Vimianzo,8787,4298,4489
15,Coruña (A),93,Zas,6160,2995,3165
16,Cuenca,1,Abia de la Obispalía,83,45,38
16,Cuenca,2,Acebrón (El),290,146,144
16,Cuenca,3,Alarcón,193,90,103
16,Cuenca,4,Albaladejo del Cuende,395,204,191
16,Cuenca,5,Albalate de las Nogueras,368,192,176
16,Cuenca,6,Albendea,175,92,83
16,Cuenca,7,Alberca de Záncara (La),1756,869,887
16,Cuenca,8,Alcalá de la Vega,174,92,82
16,Cuenca,9,Alcantud,117,64,53
16,Cuenca,10,Alcázar del Rey,244,120,124
16,Cuenca,11,Alcohujate,57,31,26
16,Cuenca,12,Alconchel de la Estrella,202,104,98
16,Cuenca,13,Algarra,32,17,15
16,Cuenca,14,Aliaguilla,842,446,396
16,Cuenca,15,Almarcha (La),598,308,290
16,Cuenca,16,Almendros,324,160,164
16,Cuenca,17,Almodóvar del Pinar,505,261,244
16,Cuenca,18,Almonacid del Marquesado,550,285,265
16,Cuenca,19,Altarejos,312,159,153
16,Cuenca,20,Arandilla del Arroyo,39,21,18
16,Cuenca,905,Arcas del Villar,724,370,354
16,Cuenca,22,Arcos de la Sierra,120,64,56
16,Cuenca,24,Arguisuelas,195,104,91
16,Cuenca,25,Arrancacepas,37,19,18
16,Cuenca,26,Atalaya del Cañavate,133,64,69
16,Cuenca,27,Barajas de Melo,751,377,374
16,Cuenca,29,Barchín del Hoyo,128,71,57
16,Cuenca,30,Bascuñana de San Pedro,47,29,18
16,Cuenca,31,Beamud,102,55,47
16,Cuenca,32,Belinchón,365,177,188
16,Cuenca,33,Belmonte,2402,1134,1268
16,Cuenca,34,Belmontejo,261,129,132
16,Cuenca,35,Beteta,458,225,233
16,Cuenca,36,Boniches,189,100,89
16,Cuenca,38,Buciegas,80,38,42
16,Cuenca,39,Buenache de Alarcón,616,316,300
16,Cuenca,40,Buenache de la Sierra,113,72,41
16,Cuenca,41,Buendía,503,245,258
16,Cuenca,42,Campillo de Altobuey,1650,813,837
16,Cuenca,43,Campillos-Paravientos,146,80,66
16,Cuenca,44,Campillos-Sierra,103,59,44
16,Cuenca,901,Campos del Paraíso,1090,508,582
16,Cuenca,45,Canalejas del Arroyo,353,180,173
16,Cuenca,46,Cañada del Hoyo,349,182,167
16,Cuenca,47,Cañada Juncosa,346,188,158
16,Cuenca,48,Cañamares,580,308,272
16,Cuenca,49,Cañavate (El),245,115,130
16,Cuenca,50,Cañaveras,389,200,189
16,Cuenca,51,Cañaveruelas,233,115,118
16,Cuenca,52,Cañete,883,432,451
16,Cuenca,53,Cañizares,622,325,297
16,Cuenca,55,Carboneras de Guadazaón,970,507,463
16,Cuenca,56,Cardenete,736,375,361
16,Cuenca,57,Carrascosa,108,69,39
16,Cuenca,58,Carrascosa de Haro,151,77,74
16,Cuenca,60,Casas de Benítez,1100,539,561
16,Cuenca,61,Casas de Fernando Alonso,1424,709,715
16,Cuenca,62,Casas de Garcimolina,40,22,18
16,Cuenca,63,Casas de Guijarro,139,67,72
16,Cuenca,64,Casas de Haro,904,467,437
16,Cuenca,65,Casas de los Pinos,522,251,271
16,Cuenca,66,Casasimarro,3043,1559,1484
16,Cuenca,67,Castejón,231,116,115
16,Cuenca,68,Castillejo de Iniesta,186,101,85
16,Cuenca,70,Castillejo-Sierra,51,26,25
16,Cuenca,72,Castillo de Garcimuñoz,214,111,103
16,Cuenca,71,Castillo-Albaráñez,29,15,14
16,Cuenca,73,Cervera del Llano,319,160,159
16,Cuenca,23,Chillarón de Cuenca,356,194,162
16,Cuenca,81,Chumillas,41,26,15
16,Cuenca,74,Cierva (La),54,28,26
16,Cuenca,78,Cuenca,46491,22322,24169
16,Cuenca,79,Cueva del Hierro,51,30,21
16,Cuenca,82,Enguídanos,527,267,260
16,Cuenca,83,Fresneda de Altarejos,93,52,41
16,Cuenca,84,Fresneda de la Sierra,75,36,39
16,Cuenca,85,Frontera (La),208,103,105
16,Cuenca,86,Fuente de Pedro Naharro,1208,611,597
16,Cuenca,87,Fuentelespino de Haro,318,170,148
16,Cuenca,88,Fuentelespino de Moya,143,73,70
16,Cuenca,904,Fuentenava de Jábaga,380,193,187
16,Cuenca,89,Fuentes,498,257,241
16,Cuenca,91,Fuertescusa,116,64,52
16,Cuenca,92,Gabaldón,169,100,69
16,Cuenca,93,Garaballa,150,78,72
16,Cuenca,94,Gascueña,171,76,95
16,Cuenca,95,Graja de Campalbo,134,71,63
16,Cuenca,96,Graja de Iniesta,351,186,165
16,Cuenca,97,Henarejos,257,123,134
16,Cuenca,98,Herrumblar (El),784,399,385
16,Cuenca,99,Hinojosa (La),328,162,166
16,Cuenca,100,Hinojosos (Los),1060,528,532
16,Cuenca,101,Hito (El),231,115,116
16,Cuenca,102,Honrubia,1625,806,819
16,Cuenca,103,Hontanaya,434,212,222
16,Cuenca,104,Hontecillas,90,41,49
16,Cuenca,106,Horcajo de Santiago,3526,1767,1759
16,Cuenca,107,Huélamo,136,73,63
16,Cuenca,108,Huelves,66,26,40
16,Cuenca,109,Huérguina,122,65,57
16,Cuenca,110,Huerta de la Obispalía,155,89,66
16,Cuenca,111,Huerta del Marquesado,243,143,100
16,Cuenca,112,Huete,2141,1090,1051
16,Cuenca,113,Iniesta,4132,2073,2059
16,Cuenca,115,Laguna del Marquesado,74,40,34
16,Cuenca,116,Lagunaseca,120,53,67
16,Cuenca,117,Landete,1502,749,753
16,Cuenca,118,Ledaña,1862,924,938
16,Cuenca,119,Leganiel,243,126,117
16,Cuenca,121,Majadas (Las),366,176,190
16,Cuenca,122,Mariana,313,148,165
16,Cuenca,123,Masegosa,122,66,56
16,Cuenca,124,Mesas (Las),2455,1256,1199
16,Cuenca,125,Minglanilla,2239,1131,1108
16,Cuenca,126,Mira,1112,574,538
16,Cuenca,128,Monreal del Llano,83,42,41
16,Cuenca,129,Montalbanejo,192,90,102
16,Cuenca,130,Montalbo,743,380,363
16,Cuenca,131,Monteagudo de las Salinas,125,75,50
16,Cuenca,132,Mota de Altarejos,62,37,25
16,Cuenca,133,Mota del Cuervo,5644,2824,2820
16,Cuenca,134,Motilla del Palancar,5163,2611,2552
16,Cuenca,135,Moya,293,161,132
16,Cuenca,137,Narboneta,107,51,56
16,Cuenca,139,Olivares de Júcar,549,288,261
16,Cuenca,140,Olmeda de la Cuesta,47,23,24
16,Cuenca,141,Olmeda del Rey,234,107,127
16,Cuenca,142,Olmedilla de Alarcón,172,93,79
16,Cuenca,143,Olmedilla de Eliz,31,17,14
16,Cuenca,145,Osa de la Vega,640,323,317
16,Cuenca,146,Pajarón,131,68,63
16,Cuenca,147,Pajaroncillo,88,44,44
16,Cuenca,148,Palomares del Campo,1007,495,512
16,Cuenca,149,Palomera,163,78,85
16,Cuenca,150,Paracuellos,152,70,82
16,Cuenca,151,Paredes,83,39,44
16,Cuenca,152,Parra de las Vegas (La),56,30,26
16,Cuenca,153,Pedernoso (El),1316,658,658
16,Cuenca,154,Pedroñeras (Las),6580,3409,3171
16,Cuenca,155,Peral (El),727,369,358
16,Cuenca,156,Peraleja (La),157,78,79
16,Cuenca,157,Pesquera (La),273,141,132
16,Cuenca,158,Picazo (El),709,346,363
16,Cuenca,159,Pinarejo,407,204,203
16,Cuenca,160,Pineda de Gigüela,147,79,68
16,Cuenca,161,Piqueras del Castillo,79,43,36
16,Cuenca,162,Portalrubio de Guadamejud,89,43,46
16,Cuenca,163,Portilla,102,49,53
16,Cuenca,165,Poyatos,109,63,46
16,Cuenca,166,Pozoamargo,332,161,171
16,Cuenca,908,Pozorrubielos de la Mancha,284,145,139
16,Cuenca,167,Pozorrubio,493,237,256
16,Cuenca,169,Pozuelo (El),93,48,45
16,Cuenca,170,Priego,1045,527,518
16,Cuenca,171,Provencio (El),2565,1291,1274
16,Cuenca,172,Puebla de Almenara,541,277,264
16,Cuenca,173,Puebla de Don Francisco,348,173,175
16,Cuenca,174,Puebla del Salvador,283,154,129
16,Cuenca,175,Quintanar del Rey,6430,3314,3116
16,Cuenca,176,Rada de Haro,62,32,30
16,Cuenca,177,Reíllo,149,78,71
16,Cuenca,181,Rozalén del Monte,114,49,65
16,Cuenca,185,Saceda-Trasierra,96,55,41
16,Cuenca,186,Saelices,675,338,337
16,Cuenca,187,Salinas del Manzano,116,67,49
16,Cuenca,188,Salmeroncillos,184,93,91
16,Cuenca,189,Salvacañete,336,181,155
16,Cuenca,190,San Clemente,6534,3260,3274
16,Cuenca,191,San Lorenzo de la Parrilla,1428,708,720
16,Cuenca,192,San Martín de Boniches,92,46,46
16,Cuenca,193,San Pedro Palmiches,101,51,50
16,Cuenca,194,Santa Cruz de Moya,406,203,203
16,Cuenca,196,Santa María de los Llanos,842,430,412
16,Cuenca,195,Santa María del Campo Rus,749,375,374
16,Cuenca,197,Santa María del Val,122,70,52
16,Cuenca,198,Sisante,1809,903,906
16,Cuenca,199,Solera de Gabaldón,51,24,27
16,Cuenca,909,Sotorribas,1012,505,507
16,Cuenca,202,Talayuelas,1170,609,561
16,Cuenca,203,Tarancón,11796,5831,5965
16,Cuenca,204,Tébar,399,213,186
16,Cuenca,205,Tejadillos,162,82,80
16,Cuenca,206,Tinajas,370,197,173
16,Cuenca,209,Torralba,193,99,94
16,Cuenca,211,Torrejoncillo del Rey,674,313,361
16,Cuenca,212,Torrubia del Campo,341,160,181
16,Cuenca,213,Torrubia del Castillo,38,19,19
16,Cuenca,215,Tragacete,346,193,153
16,Cuenca,216,Tresjuncos,493,250,243
16,Cuenca,217,Tribaldos,134,60,74
16,Cuenca,218,Uclés,306,146,160
16,Cuenca,219,Uña,141,72,69
16,Cuenca,906,Valdecolmenas (Los),124,66,58
16,Cuenca,224,Valdemeca,103,56,47
16,Cuenca,225,Valdemorillo de la Sierra,94,50,44
16,Cuenca,227,Valdemoro-Sierra,184,105,79
16,Cuenca,228,Valdeolivas,279,149,130
16,Cuenca,902,Valdetórtola,139,77,62
16,Cuenca,903,Valeras (Las),1363,677,686
16,Cuenca,231,Valhermoso de la Fuente,56,26,30
16,Cuenca,234,Valsalobre,67,34,33
16,Cuenca,236,Valverde de Júcar,1368,683,685
16,Cuenca,237,Valverdejo,146,71,75
16,Cuenca,238,Vara de Rey,676,341,335
16,Cuenca,239,Vega del Codorno,218,111,107
16,Cuenca,240,Vellisca,170,86,84
16,Cuenca,242,Villaconejos de Trabaque,503,258,245
16,Cuenca,243,Villaescusa de Haro,608,309,299
16,Cuenca,244,Villagarcía del Llano,967,489,478
16,Cuenca,245,Villalba de la Sierra,569,292,277
16,Cuenca,246,Villalba del Rey,692,354,338
16,Cuenca,247,Villalgordo del Marquesado,124,60,64
16,Cuenca,248,Villalpardo,1103,575,528
16,Cuenca,249,Villamayor de Santiago,2712,1355,1357
16,Cuenca,250,Villanueva de Guadamejud,124,66,58
16,Cuenca,251,Villanueva de la Jara,2427,1234,1193
16,Cuenca,253,Villar de Cañas,436,214,222
16,Cuenca,254,Villar de Domingo García,278,140,138
16,Cuenca,255,Villar de la Encina,231,114,117
16,Cuenca,263,Villar de Olalla,953,483,470
16,Cuenca,258,Villar del Humo,374,212,162
16,Cuenca,259,Villar del Infantado,46,26,20
16,Cuenca,910,Villar y Velasco,124,65,59
16,Cuenca,264,Villarejo de Fuentes,784,377,407
16,Cuenca,265,Villarejo de la Peñuela,33,15,18
16,Cuenca,266,Villarejo-Periesteban,529,268,261
16,Cuenca,269,Villares del Saz,694,351,343
16,Cuenca,270,Villarrubio,243,123,120
16,Cuenca,271,Villarta,829,422,407
16,Cuenca,272,Villas de la Ventosa,366,196,170
16,Cuenca,273,Villaverde y Pasaconsol,430,207,223
16,Cuenca,274,Víllora,222,110,112
16,Cuenca,275,Vindel,18,12,6
16,Cuenca,276,Yémeda,30,13,17
16,Cuenca,277,Zafra de Záncara,193,100,93
16,Cuenca,278,Zafrilla,129,58,71
16,Cuenca,279,Zarza de Tajo,265,127,138
16,Cuenca,280,Zarzuela,280,143,137
17,Girona,1,Agullana,666,336,330
17,Girona,2,Aiguaviva,537,270,267
17,Girona,3,Albanyà,125,66,59
17,Girona,4,Albons,596,316,280
17,Girona,6,Alp,1231,651,580
17,Girona,7,Amer,2205,1089,1116
17,Girona,8,Anglès,4973,2529,2444
17,Girona,9,Arbúcies,5208,2665,2543
17,Girona,10,Argelaguer,401,213,188
17,Girona,11,Armentera (L'),755,377,378
17,Girona,12,Avinyonet de Puigventós,725,367,358
17,Girona,15,Banyoles,15436,7583,7853
17,Girona,16,Bàscara,832,435,397
17,Girona,13,Begur,3545,1793,1752
17,Girona,18,Bellcaire d'Empordà,559,285,274
17,Girona,19,Besalú,1988,971,1017
17,Girona,20,Bescanó,3259,1639,1620
17,Girona,21,Beuda,140,76,64
17,Girona,22,Bisbal d'Empordà (La),8318,4103,4215
17,Girona,234,Biure,216,107,109
17,Girona,23,Blanes,31532,15868,15664
17,Girona,29,Boadella d'Empordà,234,115,119
17,Girona,24,Bolvir,279,140,139
17,Girona,25,Bordils,1398,704,694
17,Girona,26,Borrassà,549,275,274
17,Girona,27,Breda,3408,1743,1665
17,Girona,28,Brunyola,376,190,186
17,Girona,31,Cabanelles,217,127,90
17,Girona,30,Cabanes,769,399,370
17,Girona,32,Cadaqués,2390,1163,1227
17,Girona,33,Caldes de Malavella,4173,2113,2060
17,Girona,34,Calonge,7190,3611,3579
17,Girona,35,Camós,626,322,304
17,Girona,36,Campdevànol,3433,1676,1757
17,Girona,37,Campelles,127,67,60
17,Girona,38,Campllong,310,166,144
17,Girona,39,Camprodon,2289,1133,1156
17,Girona,40,Canet d'Adri,519,273,246
17,Girona,41,Cantallops,264,135,129
17,Girona,42,Capmany,460,236,224
17,Girona,44,Cassà de la Selva,7874,3947,3927
17,Girona,46,Castellfollit de la Roca,982,498,484
17,Girona,47,Castelló d'Empúries,6883,3540,3343
17,Girona,48,Castell-Platja d'Aro,7112,3588,3524
17,Girona,189,Cellera de Ter (La),2055,1035,1020
17,Girona,49,Celrà,2762,1353,1409
17,Girona,50,Cervià de Ter,601,303,298
17,Girona,51,Cistella,220,110,110
17,Girona,54,Colera,569,291,278
17,Girona,55,Colomers,200,102,98
17,Girona,57,Corçà,1173,590,583
17,Girona,56,Cornellà del Terri,1882,939,943
17,Girona,58,Crespià,224,105,119
17,Girona,901,"Cruïlles, Monells i Sant Sadurní de l'Heura",1110,556,554
17,Girona,60,Darnius,522,278,244
17,Girona,61,Das,162,87,75
17,Girona,62,Escala (L'),6240,3140,3100
17,Girona,63,Espinelves,185,94,91
17,Girona,64,Espolla,375,189,186
17,Girona,65,Esponellà,392,192,200
17,Girona,5,Far d'Empordà (El),387,200,187
17,Girona,66,Figueres,34493,16757,17736
17,Girona,67,Flaçà,862,431,431
17,Girona,68,Foixà,317,156,161
17,Girona,69,Fontanals de Cerdanya,406,197,209
17,Girona,70,Fontanilles,141,79,62
17,Girona,71,Fontcoberta,1126,550,576
17,Girona,902,Forallac,1666,822,844
17,Girona,73,Fornells de la Selva,1555,751,804
17,Girona,74,Fortià,529,255,274
17,Girona,75,Garrigàs,332,181,151
17,Girona,76,Garrigoles,147,80,67
17,Girona,77,Garriguella,718,368,350
17,Girona,78,Ger,395,208,187
17,Girona,79,Girona,75256,36230,39026
17,Girona,80,Gombrèn,222,103,119
17,Girona,81,Gualta,311,165,146
17,Girona,82,Guils de Cerdanya,326,164,162
17,Girona,83,Hostalric,2915,1425,1490
17,Girona,84,Isòvol,196,106,90
17,Girona,85,Jafre,312,158,154
17,Girona,86,Jonquera (La),2626,1332,1294
17,Girona,87,Juià,260,124,136
17,Girona,88,Lladó,521,264,257
17,Girona,89,Llagostera,5910,3015,2895
17,Girona,90,Llambilles,435,222,213
17,Girona,91,Llanars,494,255,239
17,Girona,92,Llançà,4078,2029,2049
17,Girona,93,Llers,1009,509,500
17,Girona,94,Llívia,1066,568,498
17,Girona,95,Lloret de Mar,21589,10924,10665
17,Girona,96,Llosses (Les),271,147,124
17,Girona,102,Maçanet de Cabrenys,672,344,328
17,Girona,103,Maçanet de la Selva,3973,2034,1939
17,Girona,97,Madremanya,194,88,106
17,Girona,98,Maià de Montcal,324,164,160
17,Girona,100,Masarac,240,118,122
17,Girona,101,Massanes,549,297,252
17,Girona,99,Meranges,83,50,33
17,Girona,105,Mieres,333,173,160
17,Girona,106,Mollet de Peralada,187,101,86
17,Girona,107,Molló,335,172,163
17,Girona,109,Montagut,784,403,381
17,Girona,110,Mont-ras,1675,887,788
17,Girona,111,Navata,720,358,362
17,Girona,112,Ogassa,242,142,100
17,Girona,114,Olot,28339,13757,14582
17,Girona,115,Ordis,277,146,131
17,Girona,116,Osor,461,248,213
17,Girona,117,Palafrugell,18588,9414,9174
17,Girona,118,Palamós,15203,7534,7669
17,Girona,119,Palau de Santa Eulàlia,89,53,36
17,Girona,121,Palau-sator,299,155,144
17,Girona,120,Palau-saverdera,945,474,471
17,Girona,123,Palol de Revardit,389,204,185
17,Girona,124,Pals,1976,1008,968
17,Girona,125,Pardines,143,73,70
17,Girona,126,Parlavà,337,171,166
17,Girona,128,Pau,440,219,221
17,Girona,129,Pedret i Marzà,131,68,63
17,Girona,130,Pera (La),376,192,184
17,Girona,132,Peralada,1335,681,654
17,Girona,133,Planes d'Hostoles (Les),1768,879,889
17,Girona,134,Planoles,284,153,131
17,Girona,135,Pont de Molins,456,242,214
17,Girona,136,Pontós,227,128,99
17,Girona,137,Porqueres,3727,1827,1900
17,Girona,140,Port de la Selva (El),872,437,435
17,Girona,138,Portbou,1479,744,735
17,Girona,139,Preses (Les),1419,692,727
17,Girona,141,Puigcerdà,7263,3731,3532
17,Girona,142,Quart,2467,1262,1205
17,Girona,43,Queralbs,200,114,86
17,Girona,143,Rabós,144,70,74
17,Girona,144,Regencós,291,169,122
17,Girona,145,Ribes de Freser,2104,1023,1081
17,Girona,146,Riells i Viabrea,2160,1131,1029
17,Girona,147,Ripoll,10744,5213,5531
17,Girona,148,Riudarenes,1342,699,643
17,Girona,149,Riudaura,413,205,208
17,Girona,150,Riudellots de la Selva,1557,798,759
17,Girona,151,Riumors,184,92,92
17,Girona,152,Roses,13594,6899,6695
17,Girona,153,Rupià,192,102,90
17,Girona,154,Sales de Llierca,91,51,40
17,Girona,155,Salt,22472,11301,11171
17,Girona,157,Sant Andreu Salou,140,64,76
17,Girona,183,Sant Aniol de Finestres,275,147,128
17,Girona,158,Sant Climent Sescebes,424,210,214
17,Girona,159,Sant Feliu de Buixalleu,727,390,337
17,Girona,160,Sant Feliu de Guíxols,18677,9175,9502
17,Girona,161,Sant Feliu de Pallerols,1128,551,577
17,Girona,162,Sant Ferriol,202,113,89
17,Girona,163,Sant Gregori,2406,1242,1164
17,Girona,164,Sant Hilari Sacalm,5081,2607,2474
17,Girona,165,Sant Jaume de Llierca,764,380,384
17,Girona,167,Sant Joan de les Abadesses,3630,1784,1846
17,Girona,168,Sant Joan de Mollet,354,171,183
17,Girona,185,Sant Joan les Fonts,2749,1373,1376
17,Girona,166,Sant Jordi Desvalls,608,312,296
17,Girona,169,Sant Julià de Ramis,2073,1034,1039
17,Girona,903,Sant Julià del Llor i Bonmatí,940,474,466
17,Girona,171,Sant Llorenç de la Muga,188,87,101
17,Girona,172,Sant Martí de Llémena,474,253,221
17,Girona,173,Sant Martí Vell,160,81,79
17,Girona,174,Sant Miquel de Campmajor,197,108,89
17,Girona,175,Sant Miquel de Fluvià,631,321,310
17,Girona,176,Sant Mori,152,71,81
17,Girona,177,Sant Pau de Segúries,657,331,326
17,Girona,178,Sant Pere Pescador,1524,855,669
17,Girona,180,Santa Coloma de Farners,9127,4659,4468
17,Girona,181,Santa Cristina d'Aro,3049,1594,1455
17,Girona,182,Santa Llogaia d'Àlguema,286,148,138
17,Girona,184,Santa Pau,1469,750,719
17,Girona,186,Sarrià de Ter,3610,1788,1822
17,Girona,187,Saus,681,334,347
17,Girona,188,Selva de Mar (La),196,101,95
17,Girona,190,Serinyà,850,446,404
17,Girona,191,Serra de Daró,176,90,86
17,Girona,192,Setcases,164,85,79
17,Girona,193,Sils,3178,1595,1583
17,Girona,52,Siurana,158,82,76
17,Girona,194,Susqueda,89,50,39
17,Girona,195,Tallada d'Empordà (La),334,173,161
17,Girona,196,Terrades,190,90,100
17,Girona,197,Torrent,176,86,90
17,Girona,198,Torroella de Fluvià,342,190,152
17,Girona,199,Torroella de Montgrí,8725,4422,4303
17,Girona,200,Tortellà,710,361,349
17,Girona,201,Toses,148,89,59
17,Girona,202,Tossa de Mar,4317,2168,2149
17,Girona,204,Ullà,829,437,392
17,Girona,205,Ullastret,239,123,116
17,Girona,203,Ultramort,197,112,85
17,Girona,206,Urús,189,99,90
17,Girona,14,Vajol (La),122,66,56
17,Girona,208,Vall de Bianya (La),1123,560,563
17,Girona,207,Vall d'en Bas (La),2538,1288,1250
17,Girona,170,Vallfogona de Ripollès,210,109,101
17,Girona,209,Vall-llobrega,400,151,249
17,Girona,210,Ventalló,637,338,299
17,Girona,211,Verges,1135,573,562
17,Girona,212,Vidrà,160,80,80
17,Girona,213,Vidreres,5026,2572,2454
17,Girona,214,Vilabertran,791,401,390
17,Girona,215,Vilablareix,1982,991,991
17,Girona,217,Viladamat,405,211,194
17,Girona,216,Viladasens,181,94,87
17,Girona,218,Vilademuls,728,370,358
17,Girona,220,Viladrau,863,430,433
17,Girona,221,Vilafant,4234,2118,2116
17,Girona,223,Vilajuïga,980,491,489
17,Girona,224,Vilallonga de Ter,416,227,189
17,Girona,225,Vilamacolum,253,130,123
17,Girona,226,Vilamalla,794,423,371
17,Girona,227,Vilamaniscle,118,64,54
17,Girona,228,Vilanant,301,154,147
17,Girona,230,Vila-sacra,398,203,195
17,Girona,222,Vilaür,130,72,58
17,Girona,233,Vilobí d'Onyar,2239,1187,1052
17,Girona,232,Vilopriu,155,79,76
18,Granada,1,Agrón,380,192,188
18,Granada,2,Alamedilla,871,436,435
18,Granada,3,Albolote,13350,6698,6652
18,Granada,4,Albondón,989,499,490
18,Granada,5,Albuñán,460,228,232
18,Granada,6,Albuñol,5536,2792,2744
18,Granada,7,Albuñuelas,1180,607,573
18,Granada,10,Aldeire,773,393,380
18,Granada,11,Alfacar,4351,2217,2134
18,Granada,12,Algarinejo,4801,2435,2366
18,Granada,13,Alhama de Granada,5952,3023,2929
18,Granada,14,Alhendín,4303,2182,2121
18,Granada,15,Alicún de Ortega,652,343,309
18,Granada,16,Almegíjar,414,213,201
18,Granada,17,Almuñécar,21623,10673,10950
18,Granada,904,Alpujarra de la Sierra,1175,591,584
18,Granada,18,Alquife,867,431,436
18,Granada,20,Arenas del Rey,1937,1006,931
18,Granada,21,Armilla,14778,7294,7484
18,Granada,22,Atarfe,11245,5566,5679
18,Granada,23,Baza,20954,10345,10609
18,Granada,24,Beas de Granada,973,512,461
18,Granada,25,Beas de Guadix,363,187,176
18,Granada,27,Benalúa,3164,1583,1581
18,Granada,28,Benalúa de las Villas,1445,718,727
18,Granada,29,Benamaurel,2378,1210,1168
18,Granada,30,Bérchules,773,408,365
18,Granada,32,Bubión,367,185,182
18,Granada,33,Busquístar,357,191,166
18,Granada,34,Cacín,788,395,393
18,Granada,35,Cádiar,1567,811,756
18,Granada,36,Cájar,3249,1566,1683
18,Granada,114,Calahorra (La),841,417,424
18,Granada,37,Calicasas,572,287,285
18,Granada,38,Campotéjar,1431,729,702
18,Granada,39,Caniles,4796,2368,2428
18,Granada,40,Cáñar,347,170,177
18,Granada,42,Capileira,516,250,266
18,Granada,43,Carataunas,195,102,93
18,Granada,44,Cástaras,289,150,139
18,Granada,45,Castilléjar,1712,843,869
18,Granada,46,Castril,2750,1407,1343
18,Granada,47,Cenes de la Vega,5498,2804,2694
18,Granada,59,Chauchina,4148,2046,2102
18,Granada,61,Chimeneas,1510,768,742
18,Granada,62,Churriana de la Vega,7563,3733,3830
18,Granada,48,Cijuela,1573,797,776
18,Granada,49,Cogollos de Guadix,749,383,366
18,Granada,50,Cogollos de la Vega,1998,1026,972
18,Granada,51,Colomera,1618,835,783
18,Granada,53,Cortes de Baza,2616,1334,1282
18,Granada,54,Cortes y Graena,1019,529,490
18,Granada,912,Cuevas del Campo,2190,1103,1087
18,Granada,56,Cúllar,4813,2404,2409
18,Granada,57,Cúllar Vega,3997,2032,1965
18,Granada,63,Darro,1474,728,746
18,Granada,64,Dehesas de Guadix,621,313,308
18,Granada,66,Deifontes,2369,1186,1183
18,Granada,67,Diezma,883,469,414
18,Granada,68,Dílar,1415,696,719
18,Granada,69,Dólar,603,296,307
18,Granada,70,Dúdar,286,152,134
18,Granada,71,Dúrcal,5469,2700,2769
18,Granada,72,Escúzar,807,406,401
18,Granada,74,Ferreira,354,175,179
18,Granada,76,Fonelas,1154,568,586
18,Granada,78,Freila,931,464,467
18,Granada,79,Fuente Vaqueros,3913,1938,1975
18,Granada,905,Gabias (Las),8851,4581,4270
18,Granada,82,Galera,1281,642,639
18,Granada,83,Gobernador,341,168,173
18,Granada,84,Gójar,3542,1825,1717
18,Granada,85,Gor,1132,570,562
18,Granada,86,Gorafe,558,277,281
18,Granada,87,Granada,243341,113274,130067
18,Granada,88,Guadahortuna,2149,1106,1043
18,Granada,89,Guadix,19448,9564,9884
18,Granada,906,Guajares (Los),1267,668,599
18,Granada,93,Gualchos,2973,1499,1474
18,Granada,94,Güejar Sierra,2656,1377,1279
18,Granada,95,Güevéjar,1582,792,790
18,Granada,96,Huélago,528,276,252
18,Granada,97,Huéneja,1210,613,597
18,Granada,98,Huéscar,8103,4037,4066
18,Granada,99,Huétor de Santillán,1645,851,794
18,Granada,100,Huétor Tájar,8254,4110,4144
18,Granada,101,Huétor Vega,9240,4664,4576
18,Granada,102,Illora,10343,5184,5159
18,Granada,103,Itrabo,1012,499,513
18,Granada,105,Iznalloz,6945,3495,3450
18,Granada,107,Jayena,1323,675,648
18,Granada,108,Jerez del Marquesado,1084,537,547
18,Granada,109,Jete,749,355,394
18,Granada,111,Jun,1817,927,890
18,Granada,112,Juviles,173,85,88
18,Granada,115,Láchar,2357,1185,1172
18,Granada,116,Lanjarón,3751,1834,1917
18,Granada,117,Lanteira,588,296,292
18,Granada,119,Lecrín,2273,1129,1144
18,Granada,120,Lentegí,337,158,179
18,Granada,121,Lobras,165,80,85
18,Granada,122,Loja,19990,9925,10065
18,Granada,123,Lugros,401,201,200
18,Granada,124,Lújar,523,280,243
18,Granada,126,Malahá (La),1661,843,818
18,Granada,127,Maracena,15189,7538,7651
18,Granada,128,Marchal,392,186,206
18,Granada,132,Moclín,4404,2181,2223
18,Granada,133,Molvízar,2697,1328,1369
18,Granada,134,Monachil,5320,2745,2575
18,Granada,135,Montefrío,6688,3337,3351
18,Granada,136,Montejícar,2765,1400,1365
18,Granada,137,Montillana,1342,678,664
18,Granada,138,Moraleda de Zafayona,2739,1400,1339
18,Granada,909,Morelábor,911,478,433
18,Granada,140,Motril,50812,25143,25669
18,Granada,141,Murtas,745,393,352
18,Granada,903,Nevada,1350,683,667
18,Granada,143,Nigüelas,1054,531,523
18,Granada,144,Nívar,666,339,327
18,Granada,145,Ogíjares,9156,4650,4506
18,Granada,146,Orce,1425,717,708
18,Granada,147,Órgiva,5038,2526,2512
18,Granada,148,Otívar,1031,517,514
18,Granada,149,Otura,4603,2313,2290
18,Granada,150,Padul,6814,3413,3401
18,Granada,151,Pampaneira,330,169,161
18,Granada,152,Pedro Martínez,1306,658,648
18,Granada,153,Peligros,7644,3834,3810
18,Granada,154,Peza (La),1429,757,672
18,Granada,910,Pinar (El),1182,598,584
18,Granada,157,Pinos Genil,1200,621,579
18,Granada,158,Pinos Puente,13391,6755,6636
18,Granada,159,Píñar,1320,685,635
18,Granada,161,Polícar,256,136,120
18,Granada,162,Polopos,1235,647,588
18,Granada,163,Pórtugos,445,217,228
18,Granada,164,Puebla de Don Fadrique,2498,1254,1244
18,Granada,165,Pulianas,4190,2149,2041
18,Granada,167,Purullena,2473,1219,1254
18,Granada,168,Quéntar,1058,536,522
18,Granada,170,Rubite,365,191,174
18,Granada,171,Salar,2715,1348,1367
18,Granada,173,Salobreña,10486,5238,5248
18,Granada,174,Santa Cruz del Comercio,535,280,255
18,Granada,175,Santa Fe,12812,6332,6480
18,Granada,176,Soportújar,262,138,124
18,Granada,177,Sorvilán,634,332,302
18,Granada,901,Taha (La),812,413,399
18,Granada,178,Torre-Cardela,1158,577,581
18,Granada,179,Torvizcón,888,457,431
18,Granada,180,Trevélez,775,409,366
18,Granada,181,Turón,345,193,152
18,Granada,182,Ugíjar,2522,1265,1257
18,Granada,902,Valle (El),1243,600,643
18,Granada,907,Valle del Zalabí,2338,1149,1189
18,Granada,183,Válor,886,450,436
18,Granada,911,Vegas del Genil,3035,1536,1499
18,Granada,184,Vélez de Benaudalla,2489,1228,1261
18,Granada,185,Ventas de Huelma,648,321,327
18,Granada,908,Villamena,995,474,521
18,Granada,187,Villanueva de las Torres,877,455,422
18,Granada,188,Villanueva Mesía,1982,981,1001
18,Granada,189,Víznar,744,397,347
18,Granada,192,Zafarraya,2157,1135,1022
18,Granada,913,Zagra,1131,560,571
18,Granada,193,Zubia (La),13381,6597,6784
18,Granada,194,Zújar,2696,1365,1331
19,Guadalajara,1,Abánades,109,63,46
19,Guadalajara,2,Ablanque,154,77,77
19,Guadalajara,3,Adobes,44,20,24
19,Guadalajara,4,Alaminos,82,40,42
19,Guadalajara,5,Alarilla,121,72,49
19,Guadalajara,6,Albalate de Zorita,890,485,405
19,Guadalajara,7,Albares,491,252,239
19,Guadalajara,8,Albendiego,43,25,18
19,Guadalajara,9,Alcocer,331,165,166
19,Guadalajara,10,Alcolea de las Peñas,28,15,13
19,Guadalajara,11,Alcolea del Pinar,389,196,193
19,Guadalajara,13,Alcoroches,182,102,80
19,Guadalajara,15,Aldeanueva de Guadalajara,105,47,58
19,Guadalajara,16,Algar de Mesa,77,41,36
19,Guadalajara,17,Algora,119,67,52
19,Guadalajara,18,Alhóndiga,230,127,103
19,Guadalajara,19,Alique,41,13,28
19,Guadalajara,20,Almadrones,98,61,37
19,Guadalajara,21,Almoguera,1048,542,506
19,Guadalajara,22,Almonacid de Zorita,860,407,453
19,Guadalajara,23,Alocén,144,67,77
19,Guadalajara,24,Alovera,2353,1208,1145
19,Guadalajara,27,Alustante,259,140,119
19,Guadalajara,31,Angón,41,22,19
19,Guadalajara,32,Anguita,267,139,128
19,Guadalajara,33,Anquela del Ducado,94,50,44
19,Guadalajara,34,Anquela del Pedregal,24,15,9
19,Guadalajara,36,Aranzueque,363,180,183
19,Guadalajara,37,Arbancón,202,108,94
19,Guadalajara,38,Arbeteta,76,33,43
19,Guadalajara,39,Argecilla,98,59,39
19,Guadalajara,40,Armallones,63,37,26
19,Guadalajara,41,Armuña de Tajuña,107,59,48
19,Guadalajara,42,Arroyo de las Fraguas,44,23,21
19,Guadalajara,43,Atanzón,94,55,39
19,Guadalajara,44,Atienza,471,250,221
19,Guadalajara,45,Auñón,251,131,120
19,Guadalajara,46,Azuqueca de Henares,20383,10356,10027
19,Guadalajara,47,Baides,79,39,40
19,Guadalajara,48,Baños de Tajo,30,18,12
19,Guadalajara,49,Bañuelos,31,18,13
19,Guadalajara,50,Barriopedro,30,13,17
19,Guadalajara,51,Berninches,130,76,54
19,Guadalajara,52,Bodera (La),52,29,23
19,Guadalajara,53,Brihuega,2884,1482,1402
19,Guadalajara,54,Budia,274,151,123
19,Guadalajara,55,Bujalaro,88,45,43
19,Guadalajara,57,Bustares,95,55,40
19,Guadalajara,58,Cabanillas del Campo,4542,2322,2220
19,Guadalajara,59,Campillo de Dueñas,126,71,55
19,Guadalajara,60,Campillo de Ranas,155,85,70
19,Guadalajara,61,Campisábalos,71,31,40
19,Guadalajara,64,Canredondo,104,52,52
19,Guadalajara,65,Cantalojas,156,80,76
19,Guadalajara,66,Cañizar,105,50,55
19,Guadalajara,67,Cardoso de la Sierra (El),93,60,33
19,Guadalajara,70,Casa de Uceda,105,52,53
19,Guadalajara,71,Casar (El),3877,2001,1876
19,Guadalajara,73,Casas de San Galindo,32,19,13
19,Guadalajara,74,Caspueñas,87,53,34
19,Guadalajara,75,Castejón de Henares,106,57,49
19,Guadalajara,76,Castellar de la Muela,43,22,21
19,Guadalajara,78,Castilforte,55,31,24
19,Guadalajara,79,Castilnuevo,9,4,5
19,Guadalajara,80,Cendejas de Enmedio,122,64,58
19,Guadalajara,81,Cendejas de la Torre,85,50,35
19,Guadalajara,82,Centenera,67,37,30
19,Guadalajara,103,Checa,410,228,182
19,Guadalajara,104,Chequilla,22,12,10
19,Guadalajara,106,Chillarón del Rey,123,62,61
19,Guadalajara,105,Chiloeches,1265,667,598
19,Guadalajara,86,Cifuentes,2122,1072,1050
19,Guadalajara,87,Cincovillas,42,21,21
19,Guadalajara,88,Ciruelas,115,62,53
19,Guadalajara,89,Ciruelos del Pinar,61,33,28
19,Guadalajara,90,Cobeta,118,63,55
19,Guadalajara,91,Cogollor,46,24,22
19,Guadalajara,92,Cogolludo,590,333,257
19,Guadalajara,95,Condemios de Abajo,27,16,11
19,Guadalajara,96,Condemios de Arriba,162,80,82
19,Guadalajara,97,Congostrina,45,22,23
19,Guadalajara,98,Copernal,30,16,14
19,Guadalajara,99,Corduente,446,250,196
19,Guadalajara,102,Cubillo de Uceda (El),123,57,66
19,Guadalajara,107,Driebes,355,184,171
19,Guadalajara,108,Durón,127,63,64
19,Guadalajara,109,Embid,66,36,30
19,Guadalajara,110,Escamilla,118,50,68
19,Guadalajara,111,Escariche,190,99,91
19,Guadalajara,112,Escopete,57,19,38
19,Guadalajara,113,Espinosa de Henares,566,281,285
19,Guadalajara,114,Esplegares,61,37,24
19,Guadalajara,115,Establés,48,26,22
19,Guadalajara,116,Estriégana,26,17,9
19,Guadalajara,117,Fontanar,962,500,462
19,Guadalajara,118,Fuembellida,16,9,7
19,Guadalajara,119,Fuencemillán,109,57,52
19,Guadalajara,120,Fuentelahiguera de Albatages,156,78,78
19,Guadalajara,121,Fuentelencina,188,103,85
19,Guadalajara,122,Fuentelsaz,128,61,67
19,Guadalajara,123,Fuentelviejo,66,33,33
19,Guadalajara,124,Fuentenovilla,242,129,113
19,Guadalajara,125,Gajanejos,80,46,34
19,Guadalajara,126,Galápagos,363,193,170
19,Guadalajara,127,Galve de Sorbe,153,74,79
19,Guadalajara,129,Gascueña de Bornova,45,25,20
19,Guadalajara,130,Guadalajara,67640,33030,34610
19,Guadalajara,132,Henche,90,47,43
19,Guadalajara,133,Heras de Ayuso,118,63,55
19,Guadalajara,134,Herrería,39,21,18
19,Guadalajara,135,Hiendelaencina,124,62,62
19,Guadalajara,136,Hijes,24,12,12
19,Guadalajara,138,Hita,249,139,110
19,Guadalajara,139,Hombrados,43,26,17
19,Guadalajara,142,Hontoba,183,91,92
19,Guadalajara,143,Horche,1523,781,742
19,Guadalajara,145,Hortezuela de Océn,79,42,37
19,Guadalajara,146,Huerce (La),43,25,18
19,Guadalajara,147,Huérmeces del Cerro,57,37,20
19,Guadalajara,148,Huertahernando,75,46,29
19,Guadalajara,150,Hueva,139,65,74
19,Guadalajara,151,Humanes,1194,606,588
19,Guadalajara,152,Illana,689,359,330
19,Guadalajara,153,Iniéstola,14,8,6
19,Guadalajara,154,Inviernas (Las),101,57,44
19,Guadalajara,155,Irueste,66,37,29
19,Guadalajara,156,Jadraque,1290,658,632
19,Guadalajara,157,Jirueque,87,50,37
19,Guadalajara,159,Ledanca,131,68,63
19,Guadalajara,160,Loranca de Tajuña,350,195,155
19,Guadalajara,161,Lupiana,254,139,115
19,Guadalajara,162,Luzaga,108,50,58
19,Guadalajara,163,Luzón,82,39,43
19,Guadalajara,165,Majaelrayo,62,37,25
19,Guadalajara,166,Málaga del Fresno,205,107,98
19,Guadalajara,167,Malaguilla,134,77,57
19,Guadalajara,168,Mandayona,424,204,220
19,Guadalajara,169,Mantiel,96,49,47
19,Guadalajara,170,Maranchón,251,144,107
19,Guadalajara,171,Marchamalo,4303,2225,2078
19,Guadalajara,172,Masegoso de Tajuña,102,53,49
19,Guadalajara,173,Matarrubia,45,28,17
19,Guadalajara,174,Matillas,191,97,94
19,Guadalajara,175,Mazarete,74,32,42
19,Guadalajara,176,Mazuecos,346,181,165
19,Guadalajara,177,Medranda,128,62,66
19,Guadalajara,178,Megina,75,37,38
19,Guadalajara,179,Membrillera,99,44,55
19,Guadalajara,181,Miedes de Atienza,97,51,46
19,Guadalajara,182,Mierla (La),26,14,12
19,Guadalajara,184,Millana,123,64,59
19,Guadalajara,183,Milmarcos,111,55,56
19,Guadalajara,185,Miñosa (La),52,31,21
19,Guadalajara,186,Mirabueno,118,63,55
19,Guadalajara,187,Miralrío,93,52,41
19,Guadalajara,188,Mochales,114,53,61
19,Guadalajara,189,Mohernando,129,73,56
19,Guadalajara,190,Molina de Aragón,3244,1661,1583
19,Guadalajara,191,Monasterio,19,9,10
19,Guadalajara,192,Mondéjar,2206,1107,1099
19,Guadalajara,193,Montarrón,58,32,26
19,Guadalajara,194,Moratilla de los Meleros,92,51,41
19,Guadalajara,195,Morenilla,57,32,25
19,Guadalajara,196,Muduex,114,58,56
19,Guadalajara,197,Navas de Jadraque (Las),34,19,15
19,Guadalajara,198,Negredo,19,10,9
19,Guadalajara,199,Ocentejo,46,22,24
19,Guadalajara,200,Olivar (El),112,59,53
19,Guadalajara,201,Olmeda de Cobeta,77,31,46
19,Guadalajara,202,Olmeda de Jadraque (La),25,10,15
19,Guadalajara,203,Ordial (El),53,21,32
19,Guadalajara,204,Orea,282,155,127
19,Guadalajara,208,Pálmaces de Jadraque,66,34,32
19,Guadalajara,209,Pardos,65,32,33
19,Guadalajara,210,Paredes de Sigüenza,54,30,24
19,Guadalajara,211,Pareja,498,252,246
19,Guadalajara,212,Pastrana,1090,546,544
19,Guadalajara,213,Pedregal (El),105,56,49
19,Guadalajara,214,Peñalén,137,79,58
19,Guadalajara,215,Peñalver,237,139,98
19,Guadalajara,216,Peralejos de las Truchas,176,93,83
19,Guadalajara,217,Peralveche,142,78,64
19,Guadalajara,218,Pinilla de Jadraque,88,44,44
19,Guadalajara,219,Pinilla de Molina,29,18,11
19,Guadalajara,220,Pioz,627,360,267
19,Guadalajara,221,Piqueras,61,37,24
19,Guadalajara,222,Pobo de Dueñas (El),172,93,79
19,Guadalajara,223,Poveda de la Sierra,194,104,90
19,Guadalajara,224,Pozo de Almoguera,170,89,81
19,Guadalajara,225,Pozo de Guadalajara,386,208,178
19,Guadalajara,226,Prádena de Atienza,54,31,23
19,Guadalajara,227,Prados Redondos,86,55,31
19,Guadalajara,228,Puebla de Beleña,40,23,17
19,Guadalajara,229,Puebla de Valles,71,40,31
19,Guadalajara,230,Quer,87,42,45
19,Guadalajara,231,Rebollosa de Jadraque,32,19,13
19,Guadalajara,232,Recuenco (El),114,57,57
19,Guadalajara,233,Renera,59,32,27
19,Guadalajara,234,Retiendas,67,32,35
19,Guadalajara,235,Riba de Saelices,168,90,78
19,Guadalajara,237,Rillo de Gallo,57,32,25
19,Guadalajara,238,Riofrío del Llano,67,37,30
19,Guadalajara,239,Robledillo de Mohernando,159,80,79
19,Guadalajara,240,Robledo de Corpes,102,49,53
19,Guadalajara,241,Romanillos de Atienza,60,37,23
19,Guadalajara,242,Romanones,130,75,55
19,Guadalajara,243,Rueda de la Sierra,69,37,32
19,Guadalajara,244,Sacecorbo,166,95,71
19,Guadalajara,245,Sacedón,1556,801,755
19,Guadalajara,246,Saelices de la Sal,66,34,32
19,Guadalajara,247,Salmerón,243,126,117
19,Guadalajara,248,San Andrés del Congosto,85,44,41
19,Guadalajara,249,San Andrés del Rey,53,19,34
19,Guadalajara,250,Santiuste,23,14,9
19,Guadalajara,251,Saúca,71,34,37
19,Guadalajara,252,Sayatón,136,74,62
19,Guadalajara,254,Selas,54,25,29
19,Guadalajara,901,Semillas,46,23,23
19,Guadalajara,255,Setiles,159,87,72
19,Guadalajara,256,Sienes,77,43,34
19,Guadalajara,257,Sigüenza,4580,2316,2264
19,Guadalajara,258,Solanillos del Extremo,126,67,59
19,Guadalajara,259,Somolinos,45,22,23
19,Guadalajara,260,Sotillo (El),47,24,23
19,Guadalajara,261,Sotodosos,60,28,32
19,Guadalajara,262,Tamajón,223,109,114
19,Guadalajara,263,Taragudo,32,20,12
19,Guadalajara,264,Taravilla,71,38,33
19,Guadalajara,265,Tartanedo,198,96,102
19,Guadalajara,266,Tendilla,314,165,149
19,Guadalajara,267,Terzaga,33,19,14
19,Guadalajara,268,Tierzo,57,30,27
19,Guadalajara,269,Toba (La),114,66,48
19,Guadalajara,271,Tordellego,74,36,38
19,Guadalajara,270,Tordelrábano,11,4,7
19,Guadalajara,272,Tordesilos,133,69,64
19,Guadalajara,274,Torija,464,225,239
19,Guadalajara,279,Torre del Burgo,78,45,33
19,Guadalajara,277,Torrecuadrada de Molina,20,11,9
19,Guadalajara,278,Torrecuadradilla,60,37,23
19,Guadalajara,280,Torrejón del Rey,1366,712,654
19,Guadalajara,281,Torremocha de Jadraque,17,13,4
19,Guadalajara,282,Torremocha del Campo,295,163,132
19,Guadalajara,283,Torremocha del Pinar,66,31,35
19,Guadalajara,284,Torremochuela,19,12,7
19,Guadalajara,285,Torrubia,43,23,20
19,Guadalajara,286,Tórtola de Henares,451,234,217
19,Guadalajara,287,Tortuera,214,112,102
19,Guadalajara,288,Tortuero,35,20,15
19,Guadalajara,289,Traíd,60,28,32
19,Guadalajara,290,Trijueque,428,224,204
19,Guadalajara,291,Trillo,1417,719,698
19,Guadalajara,293,Uceda,981,495,486
19,Guadalajara,294,Ujados,32,17,15
19,Guadalajara,296,Utande,59,39,20
19,Guadalajara,297,Valdarachas,31,13,18
19,Guadalajara,298,Valdearenas,77,38,39
19,Guadalajara,299,Valdeavellano,85,47,38
19,Guadalajara,300,Valdeaveruelo,369,196,173
19,Guadalajara,301,Valdeconcha,65,35,30
19,Guadalajara,302,Valdegrudas,55,32,23
19,Guadalajara,303,Valdelcubo,63,36,27
19,Guadalajara,304,Valdenuño Fernández,165,91,74
19,Guadalajara,305,Valdepeñas de la Sierra,220,118,102
19,Guadalajara,306,Valderrebollo,34,18,16
19,Guadalajara,307,Valdesotos,39,16,23
19,Guadalajara,308,Valfermoso de Tajuña,95,52,43
19,Guadalajara,309,Valhermoso,43,26,17
19,Guadalajara,310,Valtablado del Río,15,10,5
19,Guadalajara,311,Valverde de los Arroyos,100,53,47
19,Guadalajara,314,Viana de Jadraque,54,33,21
19,Guadalajara,317,Villanueva de Alcorón,259,143,116
19,Guadalajara,318,Villanueva de Argecilla,39,21,18
19,Guadalajara,319,Villanueva de la Torre,2072,1096,976
19,Guadalajara,321,Villares de Jadraque,53,28,25
19,Guadalajara,322,Villaseca de Henares,66,34,32
19,Guadalajara,323,Villaseca de Uceda,67,34,33
19,Guadalajara,324,Villel de Mesa,251,131,120
19,Guadalajara,325,Viñuelas,123,74,49
19,Guadalajara,326,Yebes,168,118,50
19,Guadalajara,327,Yebra,519,266,253
19,Guadalajara,329,Yélamos de Abajo,104,52,52
19,Guadalajara,330,Yélamos de Arriba,166,89,77
19,Guadalajara,331,Yunquera de Henares,2045,1031,1014
19,Guadalajara,332,Yunta (La),160,79,81
19,Guadalajara,333,Zaorejas,204,115,89
19,Guadalajara,334,Zarzuela de Jadraque,43,17,26
19,Guadalajara,335,Zorita de los Canes,100,54,46
20,Guipúzcoa,1,Abaltzisketa,262,150,112
20,Guipúzcoa,2,Aduna,327,177,150
20,Guipúzcoa,16,Aia,1650,915,735
20,Guipúzcoa,3,Aizarnazabal,533,290,243
20,Guipúzcoa,4,Albiztur,275,151,124
20,Guipúzcoa,5,Alegia,1606,828,778
20,Guipúzcoa,6,Alkiza,256,145,111
20,Guipúzcoa,906,Altzaga,109,54,55
20,Guipúzcoa,7,Altzo,337,175,162
20,Guipúzcoa,8,Amezketa,994,519,475
20,Guipúzcoa,9,Andoain,14080,7040,7040
20,Guipúzcoa,10,Anoeta,1728,886,842
20,Guipúzcoa,11,Antzuola,1900,970,930
20,Guipúzcoa,12,Arama,165,80,85
20,Guipúzcoa,13,Aretxabaleta,6156,3135,3021
20,Guipúzcoa,55,Arrasate o Mondragón,23367,11691,11676
20,Guipúzcoa,14,Asteasu,1211,645,566
20,Guipúzcoa,903,Astigarraga,3641,1832,1809
20,Guipúzcoa,15,Ataun,1551,802,749
20,Guipúzcoa,17,Azkoitia,10225,5081,5144
20,Guipúzcoa,18,Azpeitia,13661,6852,6809
20,Guipúzcoa,904,Baliarrain,100,50,50
20,Guipúzcoa,19,Beasain,12144,6047,6097
20,Guipúzcoa,20,Beizama,157,88,69
20,Guipúzcoa,21,Belauntza,306,170,136
20,Guipúzcoa,22,Berastegi,986,538,448
20,Guipúzcoa,74,Bergara,15046,7498,7548
20,Guipúzcoa,23,Berrobi,570,302,268
20,Guipúzcoa,24,Bidegoyan,418,229,189
20,Guipúzcoa,29,Deba,5162,2583,2579
20,Guipúzcoa,69,Donostia-San Sebastián,181064,85213,95851
20,Guipúzcoa,30,Eibar,28711,14092,14619
20,Guipúzcoa,31,Elduain,218,115,103
20,Guipúzcoa,33,Elgeta,973,500,473
20,Guipúzcoa,32,Elgoibar,10667,5356,5311
20,Guipúzcoa,67,Errenteria,38903,19098,19805
20,Guipúzcoa,66,Errezil,615,327,288
20,Guipúzcoa,34,Eskoriatza,3938,2029,1909
20,Guipúzcoa,35,Ezkio-Itsaso,568,306,262
20,Guipúzcoa,38,Gabiria,424,236,188
20,Guipúzcoa,37,Gaintza,137,83,54
20,Guipúzcoa,907,Gaztelu,150,83,67
20,Guipúzcoa,39,Getaria,2463,1233,1230
20,Guipúzcoa,40,Hernani,18531,9186,9345
20,Guipúzcoa,41,Hernialde,286,143,143
20,Guipúzcoa,36,Hondarribia,15050,7512,7538
20,Guipúzcoa,42,Ibarra,4284,2229,2055
20,Guipúzcoa,43,Idiazabal,2025,1034,991
20,Guipúzcoa,44,Ikaztegieta,368,192,176
20,Guipúzcoa,45,Irun,56625,27716,28909
20,Guipúzcoa,46,Irura,775,400,375
20,Guipúzcoa,47,Itsasondo,581,294,287
20,Guipúzcoa,48,Larraul,146,85,61
20,Guipúzcoa,902,Lasarte-Oria,17502,8727,8775
20,Guipúzcoa,49,Lazkao,4880,2502,2378
20,Guipúzcoa,50,Leaburu,361,192,169
20,Guipúzcoa,51,Legazpi,8851,4531,4320
20,Guipúzcoa,52,Legorreta,1373,695,678
20,Guipúzcoa,68,Leintz-Gatzaga,254,139,115
20,Guipúzcoa,53,Lezo,5853,2923,2930
20,Guipúzcoa,54,Lizartza,583,304,279
20,Guipúzcoa,901,Mendaro,1417,728,689
20,Guipúzcoa,57,Mutiloa,163,85,78
20,Guipúzcoa,56,Mutriku,4807,2402,2405
20,Guipúzcoa,63,Oiartzun,9203,4652,4551
20,Guipúzcoa,58,Olaberria,936,489,447
20,Guipúzcoa,59,Oñati,10757,5373,5384
20,Guipúzcoa,76,Ordizia,9039,4395,4644
20,Guipúzcoa,905,Orendain,140,81,59
20,Guipúzcoa,60,Orexa,83,47,36
20,Guipúzcoa,61,Orio,4395,2212,2183
20,Guipúzcoa,62,Ormaiztegi,1173,611,562
20,Guipúzcoa,64,Pasaia,16557,8048,8509
20,Guipúzcoa,70,Segura,1246,621,625
20,Guipúzcoa,65,Soraluze/Placencia de las Armas,4181,2069,2112
20,Guipúzcoa,71,Tolosa,18102,8749,9353
20,Guipúzcoa,72,Urnieta,5543,2844,2699
20,Guipúzcoa,77,Urretxu,6521,3280,3241
20,Guipúzcoa,73,Usurbil,5295,2710,2585
20,Guipúzcoa,75,Villabona,5555,2797,2758
20,Guipúzcoa,78,Zaldibia,1508,774,734
20,Guipúzcoa,79,Zarautz,21074,10418,10656
20,Guipúzcoa,25,Zegama,1293,669,624
20,Guipúzcoa,26,Zerain,247,129,118
20,Guipúzcoa,27,Zestoa,3138,1607,1531
20,Guipúzcoa,28,Zizurkil,2889,1461,1428
20,Guipúzcoa,81,Zumaia,8455,4219,4236
20,Guipúzcoa,80,Zumarraga,10270,5143,5127
21,Huelva,1,Alájar,789,408,381
21,Huelva,2,Aljaraque,11626,5859,5767
21,Huelva,3,Almendro (El),851,441,410
21,Huelva,4,Almonaster la Real,1938,953,985
21,Huelva,5,Almonte,17687,8911,8776
21,Huelva,6,Alosno,4792,2309,2483
21,Huelva,7,Aracena,6672,3254,3418
21,Huelva,8,Aroche,3446,1703,1743
21,Huelva,9,Arroyomolinos de León,1135,583,552
21,Huelva,10,Ayamonte,17084,8428,8656
21,Huelva,11,Beas,4085,2038,2047
21,Huelva,12,Berrocal,394,192,202
21,Huelva,13,Bollullos Par del Condado,12872,6420,6452
21,Huelva,14,Bonares,5233,2681,2552
21,Huelva,15,Cabezas Rubias,956,496,460
21,Huelva,16,Cala,1404,700,704
21,Huelva,17,Calañas,4646,2288,2358
21,Huelva,18,Campillo (El),2402,1149,1253
21,Huelva,19,Campofrío,832,423,409
21,Huelva,20,Cañaveral de León,489,235,254
21,Huelva,21,Cartaya,12970,6559,6411
21,Huelva,22,Castaño del Robledo,200,108,92
21,Huelva,23,Cerro de Andévalo (El),2719,1320,1399
21,Huelva,30,Chucena,1931,974,957
21,Huelva,24,Corteconcepción,678,339,339
21,Huelva,25,Cortegana,5075,2523,2552
21,Huelva,26,Cortelazor,312,156,156
21,Huelva,27,Cumbres de Enmedio,61,31,30
21,Huelva,28,Cumbres de San Bartolomé,557,281,276
21,Huelva,29,Cumbres Mayores,2085,1018,1067
21,Huelva,31,Encinasola,1772,866,906
21,Huelva,32,Escacena del Campo,2174,1088,1086
21,Huelva,33,Fuenteheridos,627,317,310
21,Huelva,34,Galaroza,1617,779,838
21,Huelva,35,Gibraleón,10818,5495,5323
21,Huelva,36,Granada de Río-Tinto (La),218,113,105
21,Huelva,37,Granado (El),653,356,297
21,Huelva,38,Higuera de la Sierra,1269,639,630
21,Huelva,39,Hinojales,417,212,205
21,Huelva,40,Hinojos,3544,1783,1761
21,Huelva,41,Huelva,141334,68221,73113
21,Huelva,42,Isla Cristina,18435,9252,9183
21,Huelva,43,Jabugo,2546,1272,1274
21,Huelva,44,Lepe,19583,10084,9499
21,Huelva,45,Linares de la Sierra,307,149,158
21,Huelva,46,Lucena del Puerto,2175,1128,1047
21,Huelva,47,Manzanilla,2518,1246,1272
21,Huelva,48,Marines (Los),324,163,161
21,Huelva,49,Minas de Riotinto,4825,2302,2523
21,Huelva,50,Moguer,14731,7530,7201
21,Huelva,51,Nava (La),311,165,146
21,Huelva,52,Nerva,6291,3035,3256
21,Huelva,53,Niebla,3879,1959,1920
21,Huelva,54,Palma del Condado (La),9777,4831,4946
21,Huelva,55,Palos de la Frontera,7337,3770,3567
21,Huelva,56,Paterna del Campo,3864,1980,1884
21,Huelva,57,Paymogo,1289,633,656
21,Huelva,58,Puebla de Guzmán,3220,1639,1581
21,Huelva,59,Puerto Moral,250,128,122
21,Huelva,60,Punta Umbría,12296,6252,6044
21,Huelva,61,Rociana del Condado,6302,3244,3058
21,Huelva,62,Rosal de la Frontera,1827,874,953
21,Huelva,63,San Bartolomé de la Torre,2965,1514,1451
21,Huelva,64,San Juan del Puerto,5961,2991,2970
21,Huelva,66,San Silvestre de Guzmán,668,338,330
21,Huelva,65,Sanlúcar de Guadiana,381,189,192
21,Huelva,67,Santa Ana la Real,489,229,260
21,Huelva,68,Santa Bárbara de Casa,1312,656,656
21,Huelva,69,Santa Olalla del Cala,2203,1104,1099
21,Huelva,70,Trigueros,7197,3595,3602
21,Huelva,71,Valdelarco,268,128,140
21,Huelva,72,Valverde del Camino,12477,6050,6427
21,Huelva,73,Villablanca,2060,1067,993
21,Huelva,74,Villalba del Alcor,3530,1758,1772
21,Huelva,75,Villanueva de las Cruces,429,207,222
21,Huelva,76,Villanueva de los Castillejos,2672,1312,1360
21,Huelva,77,Villarrasa,2103,1074,1029
21,Huelva,78,Zalamea la Real,3547,1738,1809
21,Huelva,79,Zufre,1017,536,481
22,Huesca,1,Abiego,298,149,149
22,Huesca,2,Abizanda,135,71,64
22,Huesca,3,Adahuesca,164,85,79
22,Huesca,4,Agüero,176,96,80
22,Huesca,907,Aínsa-Sobrarbe,1624,845,779
22,Huesca,6,Aisa,403,223,180
22,Huesca,7,Albalate de Cinca,1246,677,569
22,Huesca,8,Albalatillo,254,127,127
22,Huesca,9,Albelda,928,476,452
22,Huesca,11,Albero Alto,104,55,49
22,Huesca,12,Albero Bajo,109,59,50
22,Huesca,13,Alberuela de Tubo,381,197,184
22,Huesca,14,Alcalá de Gurrea,312,152,160
22,Huesca,15,Alcalá del Obispo,351,182,169
22,Huesca,16,Alcampell,901,444,457
22,Huesca,17,Alcolea de Cinca,1223,616,607
22,Huesca,18,Alcubierre,462,242,220
22,Huesca,19,Alerre,210,108,102
22,Huesca,20,Alfántega,121,64,57
22,Huesca,21,Almudévar,2327,1189,1138
22,Huesca,22,Almunia de San Juan,685,351,334
22,Huesca,23,Almuniente,617,315,302
22,Huesca,24,Alquézar,310,162,148
22,Huesca,25,Altorricón,1464,756,708
22,Huesca,27,Angüés,441,241,200
22,Huesca,28,Ansó,533,272,261
22,Huesca,29,Antillón,161,81,80
22,Huesca,32,Aragüés del Puerto,132,78,54
22,Huesca,35,Arén,385,200,185
22,Huesca,36,Argavieso,126,72,54
22,Huesca,37,Arguis,69,39,30
22,Huesca,39,Ayerbe,1114,565,549
22,Huesca,40,Azanuy-Alins,180,82,98
22,Huesca,41,Azara,216,110,106
22,Huesca,42,Azlor,159,81,78
22,Huesca,43,Baélls,147,81,66
22,Huesca,44,Bailo,298,175,123
22,Huesca,45,Baldellou,143,78,65
22,Huesca,46,Ballobar,1028,518,510
22,Huesca,47,Banastás,195,101,94
22,Huesca,48,Barbastro,14382,7015,7367
22,Huesca,49,Barbués,121,63,58
22,Huesca,50,Barbuñales,115,58,57
22,Huesca,51,Bárcabo,113,62,51
22,Huesca,52,Belver de Cinca,1367,723,644
22,Huesca,53,Benabarre,1116,578,538
22,Huesca,54,Benasque,1591,842,749
22,Huesca,55,Berbegal,464,232,232
22,Huesca,57,Bielsa,462,236,226
22,Huesca,58,Bierge,227,129,98
22,Huesca,59,Biescas,1279,676,603
22,Huesca,60,Binaced,1624,834,790
22,Huesca,61,Binéfar,8332,4206,4126
22,Huesca,62,Bisaurri,225,126,99
22,Huesca,63,Biscarrués,228,121,107
22,Huesca,64,Blecua y Torres,184,93,91
22,Huesca,66,Boltaña,846,432,414
22,Huesca,67,Bonansa,80,41,39
22,Huesca,68,Borau,75,41,34
22,Huesca,69,Broto,521,271,250
22,Huesca,72,Caldearenas,252,141,111
22,Huesca,74,Campo,328,157,171
22,Huesca,75,Camporrélls,247,128,119
22,Huesca,76,Canal de Berdún,428,235,193
22,Huesca,77,Candasnos,530,277,253
22,Huesca,78,Canfranc,538,298,240
22,Huesca,79,Capdesaso,165,76,89
22,Huesca,80,Capella,394,198,196
22,Huesca,81,Casbas de Huesca,298,158,140
22,Huesca,83,Castejón de Monegros,700,352,348
22,Huesca,84,Castejón de Sos,605,313,292
22,Huesca,82,Castejón del Puente,420,225,195
22,Huesca,85,Castelflorite,144,73,71
22,Huesca,86,Castiello de Jaca,182,96,86
22,Huesca,87,Castigaleu,104,60,44
22,Huesca,88,Castillazuelo,227,109,118
22,Huesca,89,Castillonroy,411,199,212
22,Huesca,94,Chalamera,153,85,68
22,Huesca,95,Chía,114,64,50
22,Huesca,96,Chimillas,197,103,94
22,Huesca,90,Colungo,128,69,59
22,Huesca,99,Esplús,751,362,389
22,Huesca,102,Estada,197,100,97
22,Huesca,103,Estadilla,898,458,440
22,Huesca,105,Estopiñán del Castillo,204,113,91
22,Huesca,106,Fago,33,21,12
22,Huesca,107,Fanlo,191,114,77
22,Huesca,109,Fiscal,236,128,108
22,Huesca,110,Fonz,1113,564,549
22,Huesca,111,Foradada del Toscar,235,114,121
22,Huesca,112,Fraga,12158,6144,6014
22,Huesca,113,Fueva (La),618,323,295
22,Huesca,114,Gistaín,175,98,77
22,Huesca,115,Grado (El),559,293,266
22,Huesca,116,Grañén,1968,1014,954
22,Huesca,117,Graus,3194,1611,1583
22,Huesca,119,Gurrea de Gállego,1815,929,886
22,Huesca,122,Hoz de Jaca,75,35,40
22,Huesca,908,Hoz y Costean,229,131,98
22,Huesca,124,Huerto,253,137,116
22,Huesca,125,Huesca,45874,22141,23733
22,Huesca,126,Ibieca,111,56,55
22,Huesca,127,Igriés,243,118,125
22,Huesca,128,Ilche,282,150,132
22,Huesca,129,Isábena,254,131,123
22,Huesca,130,Jaca,11591,5736,5855
22,Huesca,131,Jasa,123,71,52
22,Huesca,133,Labuerda,167,88,79
22,Huesca,135,Laluenga,268,135,133
22,Huesca,136,Lalueza,1178,616,562
22,Huesca,137,Lanaja,1552,802,750
22,Huesca,139,Laperdiguera,105,51,54
22,Huesca,141,Lascellas-Ponzano,167,86,81
22,Huesca,142,Lascuarre,165,94,71
22,Huesca,143,Laspaúles,283,158,125
22,Huesca,144,Laspuña,278,146,132
22,Huesca,149,Loarre,394,207,187
22,Huesca,150,Loporzano,513,268,245
22,Huesca,151,Loscorrales,117,67,50
22,Huesca,905,Lupiñén-Ortilla,355,188,167
22,Huesca,155,Monesma y Cajigar,104,54,50
22,Huesca,156,Monflorite-Lascasas,200,111,89
22,Huesca,157,Montanuy,305,172,133
22,Huesca,158,Monzón,14844,7467,7377
22,Huesca,160,Naval,289,145,144
22,Huesca,162,Novales,186,94,92
22,Huesca,163,Nueno,290,164,126
22,Huesca,164,Olvena,55,24,31
22,Huesca,165,Ontiñena,646,327,319
22,Huesca,167,Osso de Cinca,763,436,327
22,Huesca,168,Palo,36,19,17
22,Huesca,170,Panticosa,728,369,359
22,Huesca,172,Peñalba,789,394,395
22,Huesca,173,Peñas de Riglos (Las),270,154,116
22,Huesca,174,Peralta de Alcofea,697,337,360
22,Huesca,175,Peralta de Calasanz,270,152,118
22,Huesca,176,Peraltilla,169,90,79
22,Huesca,177,Perarrúa,124,61,63
22,Huesca,178,Pertusa,153,78,75
22,Huesca,181,Piracés,111,69,42
22,Huesca,182,Plan,315,169,146
22,Huesca,184,Poleñino,255,125,130
22,Huesca,186,Pozán de Vero,254,120,134
22,Huesca,187,Puebla de Castro (La),331,171,160
22,Huesca,188,Puente de Montañana,123,58,65
22,Huesca,902,Puente la Reina de Jaca,258,128,130
22,Huesca,189,Puértolas,212,119,93
22,Huesca,190,Pueyo de Araguás (El),154,92,62
22,Huesca,193,Pueyo de Santa Cruz,350,176,174
22,Huesca,195,Quicena,148,77,71
22,Huesca,197,Robres,662,345,317
22,Huesca,199,Sabiñánigo,8295,4186,4109
22,Huesca,200,Sahún,278,150,128
22,Huesca,201,Salas Altas,381,196,185
22,Huesca,202,Salas Bajas,151,76,75
22,Huesca,203,Salillas,115,62,53
22,Huesca,204,Sallent de Gállego,1081,557,524
22,Huesca,205,San Esteban de Litera,602,302,300
22,Huesca,207,San Juan de Plan,151,81,70
22,Huesca,903,San Miguel del Cinca,919,478,441
22,Huesca,206,Sangarrén,274,134,140
22,Huesca,208,Santa Cilia,177,100,77
22,Huesca,209,Santa Cruz de la Serós,145,86,59
22,Huesca,906,Santa María de Dulcis,219,109,110
22,Huesca,212,Santaliestra y San Quílez,95,54,41
22,Huesca,213,Sariñena,3984,2001,1983
22,Huesca,214,Secastilla,161,71,90
22,Huesca,215,Seira,211,105,106
22,Huesca,217,Sena,567,309,258
22,Huesca,218,Senés de Alcubierre,62,32,30
22,Huesca,220,Sesa,256,130,126
22,Huesca,221,Sesué,128,67,61
22,Huesca,222,Siétamo,389,218,171
22,Huesca,223,Sopeira,109,55,54
22,Huesca,904,Sotonera (La),1114,591,523
22,Huesca,225,Tamarite de Litera,3742,1881,1861
22,Huesca,226,Tardienta,1074,550,524
22,Huesca,227,Tella-Sin,271,141,130
22,Huesca,228,Tierz,181,90,91
22,Huesca,229,Tolva,194,104,90
22,Huesca,230,Torla,328,175,153
22,Huesca,232,Torralba de Aragón,122,59,63
22,Huesca,233,Torre la Ribera,115,65,50
22,Huesca,234,Torrente de Cinca,1058,531,527
22,Huesca,235,Torres de Alcanadre,134,77,57
22,Huesca,236,Torres de Barbués,358,179,179
22,Huesca,239,Tramaced,103,61,42
22,Huesca,242,Valfarta,101,58,43
22,Huesca,243,Valle de Bardají,55,29,26
22,Huesca,901,Valle de Hecho,994,511,483
22,Huesca,244,Valle de Lierp,55,29,26
22,Huesca,245,Velilla de Cinca,476,235,241
22,Huesca,909,Vencillón,468,243,225
22,Huesca,246,Veracruz,112,60,52
22,Huesca,247,Viacamp y Litera,30,20,10
22,Huesca,248,Vicién,122,65,57
22,Huesca,249,Villanova,137,71,66
22,Huesca,250,Villanúa,349,177,172
22,Huesca,251,Villanueva de Sigena,514,255,259
22,Huesca,252,Yebra de Basa,162,94,68
22,Huesca,253,Yésero,83,45,38
22,Huesca,254,Zaidín,1691,851,840
23,Jaén,1,Albanchez de Mágina,1474,756,718
23,Jaén,2,Alcalá la Real,21523,10610,10913
23,Jaén,3,Alcaudete,11261,5562,5699
23,Jaén,4,Aldeaquemada,573,296,277
23,Jaén,5,Andújar,37903,18682,19221
23,Jaén,6,Arjona,5696,2873,2823
23,Jaén,7,Arjonilla,3951,1969,1982
23,Jaén,8,Arquillos,1921,961,960
23,Jaén,9,Baeza,15276,7499,7777
23,Jaén,10,Bailén,17672,9007,8665
23,Jaén,11,Baños de la Encina,2700,1384,1316
23,Jaén,12,Beas de Segura,8061,4142,3919
23,Jaén,902,Bedmar y Garcíez,3253,1634,1619
23,Jaén,14,Begíjar,3161,1588,1573
23,Jaén,15,Bélmez de la Moraleda,1964,1002,962
23,Jaén,16,Benatae,565,318,247
23,Jaén,17,Cabra del Santo Cristo,2229,1144,1085
23,Jaén,18,Cambil,3063,1622,1441
23,Jaén,19,Campillo de Arenas,2119,1081,1038
23,Jaén,20,Canena,2117,1038,1079
23,Jaén,21,Carboneros,683,346,337
23,Jaén,901,Cárcheles,1528,761,767
23,Jaén,24,Carolina (La),15029,7385,7644
23,Jaén,25,Castellar,3684,1868,1816
23,Jaén,26,Castillo de Locubín,5036,2474,2562
23,Jaén,27,Cazalilla,826,418,408
23,Jaén,28,Cazorla,8394,4078,4316
23,Jaén,29,Chiclana de Segura,1317,667,650
23,Jaén,30,Chilluévar,1818,898,920
23,Jaén,31,Escañuela,948,466,482
23,Jaén,32,Espelúy,770,384,386
23,Jaén,33,Frailes,1858,949,909
23,Jaén,34,Fuensanta de Martos,3340,1662,1678
23,Jaén,35,Fuerte del Rey,1194,591,603
23,Jaén,37,Génave,674,357,317
23,Jaén,38,Guardia de Jaén (La),2029,1057,972
23,Jaén,39,Guarromán,2804,1376,1428
23,Jaén,41,Higuera de Calatrava,691,358,333
23,Jaén,42,Hinojares,493,237,256
23,Jaén,43,Hornos,702,344,358
23,Jaén,44,Huelma,6054,3102,2952
23,Jaén,45,Huesa,2741,1387,1354
23,Jaén,46,Ibros,3063,1540,1523
23,Jaén,47,Iruela (La),1853,944,909
23,Jaén,48,Iznatoraf,1283,680,603
23,Jaén,49,Jabalquinto,2533,1258,1275
23,Jaén,50,Jaén,111406,53833,57573
23,Jaén,51,Jamilena,3344,1705,1639
23,Jaén,52,Jimena,1546,740,806
23,Jaén,53,Jódar,11979,5947,6032
23,Jaén,40,Lahiguera,1893,942,951
23,Jaén,54,Larva,516,269,247
23,Jaén,55,Linares,57796,28250,29546
23,Jaén,56,Lopera,3993,1969,2024
23,Jaén,57,Lupión,1052,502,550
23,Jaén,58,Mancha Real,9270,4752,4518
23,Jaén,59,Marmolejo,7431,3726,3705
23,Jaén,60,Martos,22702,10987,11715
23,Jaén,61,Mengíbar,8360,4195,4165
23,Jaén,62,Montizón,1974,1022,952
23,Jaén,63,Navas de San Juan,5066,2512,2554
23,Jaén,64,Noalejo,2231,1126,1105
23,Jaén,65,Orcera,2204,1104,1100
23,Jaén,66,Peal de Becerro,5176,2563,2613
23,Jaén,67,Pegalajar,3085,1582,1503
23,Jaén,69,Porcuna,7042,3533,3509
23,Jaén,70,Pozo Alcón,5483,2732,2751
23,Jaén,71,Puente de Génave,1979,981,998
23,Jaén,72,Puerta de Segura (La),2654,1327,1327
23,Jaén,73,Quesada,6033,2979,3054
23,Jaén,74,Rus,3753,1885,1868
23,Jaén,75,Sabiote,4181,2120,2061
23,Jaén,76,Santa Elena,1019,540,479
23,Jaén,77,Santiago de Calatrava,911,449,462
23,Jaén,904,Santiago-Pontones,4338,2201,2137
23,Jaén,79,Santisteban del Puerto,4826,2462,2364
23,Jaén,80,Santo Tomé,2332,1172,1160
23,Jaén,81,Segura de la Sierra,2159,1082,1077
23,Jaén,82,Siles,2567,1285,1282
23,Jaén,84,Sorihuela del Guadalimar,1301,677,624
23,Jaén,86,Torre del Campo,13327,6680,6647
23,Jaén,85,Torreblascopedro,2992,1488,1504
23,Jaén,87,Torredonjimeno,13848,6809,7039
23,Jaén,88,Torreperogil,7266,3573,3693
23,Jaén,90,Torres,1773,916,857
23,Jaén,91,Torres de Albánchez,1020,509,511
23,Jaén,92,Úbeda,32764,15979,16785
23,Jaén,93,Valdepeñas de Jaén,4501,2271,2230
23,Jaén,94,Vilches,4989,2494,2495
23,Jaén,95,Villacarrillo,11073,5516,5557
23,Jaén,96,Villanueva de la Reina,3308,1652,1656
23,Jaén,97,Villanueva del Arzobispo,8691,4388,4303
23,Jaén,98,Villardompardo,1246,617,629
23,Jaén,99,Villares (Los),4772,2389,2383
23,Jaén,101,Villarrodrigo,446,221,225
23,Jaén,903,Villatorres,4336,2205,2131
24,León,1,Acebedo,290,158,132
24,León,2,Algadefe,362,183,179
24,León,3,Alija del Infantado,941,476,465
24,León,4,Almanza,725,387,338
24,León,5,Antigua (La),616,330,286
24,León,6,Ardón,720,377,343
24,León,7,Arganza,925,454,471
24,León,8,Astorga,12381,5859,6522
24,León,9,Balboa,451,240,211
24,León,10,Bañeza (La),10282,5013,5269
24,León,11,Barjas,392,213,179
24,León,12,Barrios de Luna (Los),335,165,170
24,León,14,Bembibre,10463,5163,5300
24,León,15,Benavides,3024,1522,1502
24,León,16,Benuza,837,444,393
24,León,17,Bercianos del Páramo,840,421,419
24,León,18,Bercianos del Real Camino,214,109,105
24,León,19,Berlanga del Bierzo,421,195,226
24,León,20,Boca de Huérgano,609,331,278
24,León,21,Boñar,2560,1254,1306
24,León,22,Borrenes,505,256,249
24,León,23,Brazuelo,345,173,172
24,León,24,Burgo Ranero (El),939,493,446
24,León,25,Burón,399,212,187
24,León,26,Bustillo del Páramo,1816,920,896
24,León,27,Cabañas Raras,1316,669,647
24,León,28,Cabreros del Río,585,303,282
24,León,29,Cabrillanes,1130,555,575
24,León,30,Cacabelos,4854,2433,2421
24,León,31,Calzada del Coto,296,164,132
24,León,32,Campazas,156,82,74
24,León,33,Campo de Villavidel,333,171,162
24,León,34,Camponaraya,3203,1557,1646
24,León,36,Candín,437,240,197
24,León,37,Cármenes,428,221,207
24,León,38,Carracedelo,3530,1714,1816
24,León,39,Carrizo,2750,1364,1386
24,León,40,Carrocera,593,285,308
24,León,41,Carucedo,666,321,345
24,León,42,Castilfalé,105,53,52
24,León,43,Castrillo de Cabrera,182,90,92
24,León,44,Castrillo de la Valduerna,229,100,129
24,León,46,Castrocalbón,1358,690,668
24,León,47,Castrocontrigo,1168,581,587
24,León,49,Castropodame,1839,945,894
24,León,50,Castrotierra de Valmadrigal,153,76,77
24,León,51,Cea,719,377,342
24,León,52,Cebanico,240,128,112
24,León,53,Cebrones del Río,675,336,339
24,León,65,Chozas de Abajo,2111,1089,1022
24,León,54,Cimanes de la Vega,674,334,340
24,León,55,Cimanes del Tejar,986,486,500
24,León,56,Cistierna,4344,2109,2235
24,León,57,Congosto,1769,838,931
24,León,58,Corbillos de los Oteros,287,141,146
24,León,59,Corullón,1193,591,602
24,León,60,Crémenes,957,457,500
24,León,61,Cuadros,1696,817,879
24,León,62,Cubillas de los Oteros,206,104,102
24,León,63,Cubillas de Rueda,629,319,310
24,León,64,Cubillos del Sil,1514,787,727
24,León,66,Destriana,830,392,438
24,León,67,Encinedo,1013,516,497
24,León,68,Ercina (La),709,348,361
24,León,69,Escobar de Campos,79,47,32
24,León,70,Fabero,5759,2858,2901
24,León,71,Folgoso de la Ribera,1339,650,689
24,León,73,Fresno de la Vega,684,345,339
24,León,74,Fuentes de Carbajal,128,68,60
24,León,76,Garrafe de Torío,1177,595,582
24,León,77,Gordaliza del Pino,348,173,175
24,León,78,Gordoncillo,613,296,317
24,León,79,Gradefes,1310,638,672
24,León,80,Grajal de Campos,303,134,169
24,León,81,Gusendos de los Oteros,205,104,101
24,León,82,Hospital de Órbigo,1126,549,577
24,León,83,Igüeña,1926,1001,925
24,León,84,Izagre,261,130,131
24,León,86,Joarilla de las Matas,437,230,207
24,León,87,Laguna Dalga,907,456,451
24,León,88,Laguna de Negrillos,1491,754,737
24,León,89,León,137384,63975,73409
24,León,92,Llamas de la Ribera,1187,601,586
24,León,90,Lucillo,517,260,257
24,León,91,Luyego,979,471,508
24,León,93,Magaz de Cepeda,510,242,268
24,León,94,Mansilla de las Mulas,1765,890,875
24,León,95,Mansilla Mayor,428,211,217
24,León,96,Maraña,176,90,86
24,León,97,Matadeón de los Oteros,302,157,145
24,León,98,Matallana de Torío,1672,821,851
24,León,99,Matanza,297,148,149
24,León,100,Molinaseca,783,411,372
24,León,101,Murias de Paredes,633,289,344
24,León,102,Noceda,908,450,458
24,León,103,Oencia,509,274,235
24,León,104,Omañas (Las),445,225,220
24,León,105,Onzonilla,1456,727,729
24,León,106,Oseja de Sajambre,350,194,156
24,León,107,Pajares de los Oteros,355,184,171
24,León,108,Palacios de la Valduerna,539,254,285
24,León,109,Palacios del Sil,1445,737,708
24,León,110,Páramo del Sil,1785,908,877
24,León,112,Peranzanes,335,183,152
24,León,113,Pobladura de Pelayo García,561,280,281
24,León,114,Pola de Gordón (La),4994,2409,2585
24,León,115,Ponferrada,63233,30693,32540
24,León,116,Posada de Valdeón,495,271,224
24,León,117,Pozuelo del Páramo,625,321,304
24,León,118,Prado de la Guzpeña,158,80,78
24,León,119,Priaranza del Bierzo,964,482,482
24,León,120,Prioro,454,241,213
24,León,121,Puebla de Lillo,720,384,336
24,León,122,Puente de Domingo Flórez,1960,1042,918
24,León,123,Quintana del Castillo,1127,597,530
24,León,124,Quintana del Marco,539,275,264
24,León,125,Quintana y Congosto,789,405,384
24,León,127,Regueras de Arriba,402,209,193
24,León,129,Reyero,164,84,80
24,León,130,Riaño,596,332,264
24,León,131,Riego de la Vega,1119,540,579
24,León,132,Riello,983,505,478
24,León,133,Rioseco de Tapia,555,292,263
24,León,134,Robla (La),4993,2478,2515
24,León,136,Roperuelos del Páramo,811,403,408
24,León,137,Sabero,1795,882,913
24,León,139,Sahagún,3087,1482,1605
24,León,141,San Adrián del Valle,151,69,82
24,León,142,San Andrés del Rabanedo,24816,12090,12726
24,León,144,San Cristóbal de la Polantera,1069,530,539
24,León,145,San Emiliano,884,456,428
24,León,146,San Esteban de Nogales,341,156,185
24,León,148,San Justo de la Vega,2253,1150,1103
24,León,149,San Millán de los Caballeros,196,97,99
24,León,150,San Pedro Bercianos,377,191,186
24,León,143,Sancedo,587,296,291
24,León,151,Santa Colomba de Curueño,623,295,328
24,León,152,Santa Colomba de Somoza,460,235,225
24,León,153,Santa Cristina de Valmadrigal,360,188,172
24,León,154,Santa Elena de Jamuz,1403,715,688
24,León,155,Santa María de la Isla,683,352,331
24,León,158,Santa María de Ordás,406,197,209
24,León,156,Santa María del Monte de Cea,380,185,195
24,León,157,Santa María del Páramo,3167,1555,1612
24,León,159,Santa Marina del Rey,2552,1258,1294
24,León,160,Santas Martas,985,508,477
24,León,161,Santiago Millas,333,172,161
24,León,162,Santovenia de la Valdoncina,1735,866,869
24,León,163,Sariegos,2428,1225,1203
24,León,164,Sena de Luna,492,238,254
24,León,165,Sobrado,541,279,262
24,León,166,Soto de la Vega,1974,1008,966
24,León,167,Soto y Amío,1084,528,556
24,León,168,Toral de los Guzmanes,686,349,337
24,León,169,Toreno,4214,2146,2068
24,León,170,Torre del Bierzo,3102,1564,1538
24,León,171,Trabadelo,546,287,259
24,León,172,Truchas,759,366,393
24,León,173,Turcia,1303,652,651
24,León,174,Urdiales del Páramo,691,357,334
24,León,185,Val de San Lorenzo,747,359,388
24,León,175,Valdefresno,1777,921,856
24,León,176,Valdefuentes del Páramo,429,224,205
24,León,177,Valdelugueros,435,245,190
24,León,178,Valdemora,124,57,67
24,León,179,Valdepiélago,415,210,205
24,León,180,Valdepolo,1591,843,748
24,León,181,Valderas,2109,1074,1035
24,León,182,Valderrey,636,315,321
24,León,183,Valderrueda,1256,639,617
24,León,184,Valdesamario,272,135,137
24,León,187,Valdevimbre,1184,606,578
24,León,188,Valencia de Don Juan,4060,2019,2041
24,León,191,Vallecillo,171,91,80
24,León,189,Valverde de la Virgen,4239,2119,2120
24,León,190,Valverde-Enrique,218,106,112
24,León,193,Vecilla (La),422,224,198
24,León,196,Vega de Espinareda,2894,1456,1438
24,León,197,Vega de Infanzones,874,436,438
24,León,198,Vega de Valcarce,861,434,427
24,León,194,Vegacervera,363,186,177
24,León,199,Vegaquemada,532,255,277
24,León,201,Vegas del Condado,1391,743,648
24,León,202,Villablino,13789,6929,6860
24,León,203,Villabraz,141,75,66
24,León,205,Villadangos del Páramo,1016,515,501
24,León,206,Villadecanes,2275,1137,1138
24,León,207,Villademor de la Vega,450,238,212
24,León,209,Villafranca del Bierzo,3739,1857,1882
24,León,210,Villagatón,846,428,418
24,León,211,Villamandos,423,205,218
24,León,901,Villamanín,1262,621,641
24,León,212,Villamañán,1380,688,692
24,León,213,Villamartín de Don Sancho,186,99,87
24,León,214,Villamejil,982,491,491
24,León,215,Villamol,239,122,117
24,León,216,Villamontán de la Valduerna,1083,546,537
24,León,217,Villamoratiel de las Matas,185,110,75
24,León,218,Villanueva de las Manzanas,582,285,297
24,León,219,Villaobispo de Otero,709,355,354
24,León,902,Villaornate y Castro,530,285,245
24,León,221,Villaquejida,1072,554,518
24,León,222,Villaquilambre,8728,4379,4349
24,León,223,Villarejo de Órbigo,3409,1657,1752
24,León,224,Villares de Órbigo,926,467,459
24,León,225,Villasabariego,1245,630,615
24,León,226,Villaselán,306,166,140
24,León,227,Villaturiel,1799,942,857
24,León,228,Villazala,1037,536,501
24,León,229,Villazanzo de Valderaduey,710,380,330
24,León,230,Zotes del Páramo,655,344,311
25,Lleida,1,Abella de la Conca,199,103,96
25,Lleida,2,Àger,523,285,238
25,Lleida,3,Agramunt,4960,2546,2414
25,Lleida,38,Aitona,2183,1099,1084
25,Lleida,4,Alamús (Els),696,348,348
25,Lleida,5,Alàs i Cerc,391,209,182
25,Lleida,6,Albagés (L'),502,266,236
25,Lleida,7,Albatàrrec,1189,601,588
25,Lleida,8,Albesa,1512,746,766
25,Lleida,9,Albi (L'),789,409,380
25,Lleida,10,Alcanó,261,133,128
25,Lleida,11,Alcarràs,4804,2410,2394
25,Lleida,12,Alcoletge,1846,972,874
25,Lleida,13,Alfarràs,2941,1436,1505
25,Lleida,14,Alfés,332,176,156
25,Lleida,15,Algerri,508,249,259
25,Lleida,16,Alguaire,2823,1429,1394
25,Lleida,17,Alins,273,138,135
25,Lleida,19,Almacelles,5659,2890,2769
25,Lleida,20,Almatret,473,246,227
25,Lleida,21,Almenar,3480,1784,1696
25,Lleida,22,Alòs de Balaguer,178,104,74
25,Lleida,23,Alpicat,4237,2110,2127
25,Lleida,24,Alt Àneu,418,231,187
25,Lleida,27,Anglesola,1272,640,632
25,Lleida,29,Arbeca,2427,1243,1184
25,Lleida,31,Arres,58,31,27
25,Lleida,32,Arsèguel,101,56,45
25,Lleida,33,Artesa de Lleida,1324,683,641
25,Lleida,34,Artesa de Segre,3225,1661,1564
25,Lleida,36,Aspa,268,132,136
25,Lleida,37,Avellanes i Santa Linya (Les),480,255,225
25,Lleida,39,Baix Pallars,353,199,154
25,Lleida,40,Balaguer,13455,6610,6845
25,Lleida,41,Barbens,766,389,377
25,Lleida,42,Baronia de Rialb (La),272,140,132
25,Lleida,44,Bassella,306,157,149
25,Lleida,45,Bausen,58,34,24
25,Lleida,46,Belianes,576,273,303
25,Lleida,170,Bellaguarda,351,171,180
25,Lleida,47,Bellcaire d'Urgell,1294,625,669
25,Lleida,48,Bell-lloc d'Urgell,2125,1050,1075
25,Lleida,49,Bellmunt d'Urgell,231,112,119
25,Lleida,50,Bellpuig,4110,2060,2050
25,Lleida,51,Bellver de Cerdanya,1627,868,759
25,Lleida,52,Bellvís,2146,1067,1079
25,Lleida,53,Benavent de Segrià,943,489,454
25,Lleida,55,Biosca,247,124,123
25,Lleida,57,Bòrdes (Es),209,110,99
25,Lleida,58,Borges Blanques (Les),5284,2644,2640
25,Lleida,59,Bossòst,924,475,449
25,Lleida,56,Bovera,393,198,195
25,Lleida,60,Cabanabona,93,44,49
25,Lleida,61,Cabó,119,67,52
25,Lleida,62,Camarasa,906,461,445
25,Lleida,63,Canejan,107,52,55
25,Lleida,904,Castell de Mur,149,78,71
25,Lleida,64,Castellar de la Ribera,152,70,82
25,Lleida,67,Castelldans,973,499,474
25,Lleida,68,Castellnou de Seana,713,375,338
25,Lleida,69,Castelló de Farfanya,584,292,292
25,Lleida,70,Castellserà,1113,545,568
25,Lleida,71,Cava,59,34,25
25,Lleida,72,Cervera,7707,3823,3884
25,Lleida,73,Cervià de les Garrigues,857,441,416
25,Lleida,74,Ciutadilla,215,110,105
25,Lleida,75,Clariana de Cardener,144,74,70
25,Lleida,76,Cogul (El),225,122,103
25,Lleida,77,Coll de Nargó,601,319,282
25,Lleida,163,Coma i la Pedra (La),246,148,98
25,Lleida,161,Conca de Dalt,424,216,208
25,Lleida,78,Corbins,1082,556,526
25,Lleida,79,Cubells,373,187,186
25,Lleida,81,Espluga Calba (L'),419,222,197
25,Lleida,82,Espot,308,167,141
25,Lleida,88,Estamariu,124,66,58
25,Lleida,85,Estaràs,190,102,88
25,Lleida,86,Esterri d'Àneu,658,321,337
25,Lleida,87,Esterri de Cardós,77,40,37
25,Lleida,89,Farrera,97,58,39
25,Lleida,908,Fígols i Alinyà,289,158,131
25,Lleida,92,Floresta (La),188,101,87
25,Lleida,93,Fondarella,682,341,341
25,Lleida,94,Foradada,199,117,82
25,Lleida,96,Fuliola (La),1251,635,616
25,Lleida,97,Fulleda,116,62,54
25,Lleida,98,Gavet de la Conca,322,158,164
25,Lleida,912,Gimenells i el Pla de la Font,1103,573,530
25,Lleida,99,Golmés,1369,678,691
25,Lleida,100,Gósol,228,124,104
25,Lleida,101,Granadella (La),806,419,387
25,Lleida,102,Granja d'Escarp (La),1109,586,523
25,Lleida,103,Granyanella,143,73,70
25,Lleida,105,Granyena de les Garrigues,165,83,82
25,Lleida,104,Granyena de Segarra,155,80,75
25,Lleida,109,Guimerà,391,198,193
25,Lleida,903,Guingueta d'Àneu (La),324,172,152
25,Lleida,110,Guissona,3455,1752,1703
25,Lleida,111,Guixers,155,96,59
25,Lleida,115,Isona i Conca Dellà,1206,644,562
25,Lleida,112,Ivars de Noguera,339,174,165
25,Lleida,113,Ivars d'Urgell,1779,929,850
25,Lleida,114,Ivorra,152,73,79
25,Lleida,910,Josa i Tuixén,157,85,72
25,Lleida,118,Juncosa,637,365,272
25,Lleida,119,Juneda,2935,1484,1451
25,Lleida,121,Les,700,353,347
25,Lleida,122,Linyola,2396,1191,1205
25,Lleida,123,Lladorre,230,118,112
25,Lleida,124,Lladurs,238,124,114
25,Lleida,125,Llardecans,620,318,302
25,Lleida,126,Llavorsí,281,139,142
25,Lleida,120,Lleida,113040,55045,57995
25,Lleida,127,Lles de Cerdanya,277,156,121
25,Lleida,128,Llimiana,142,77,65
25,Lleida,129,Llobera,235,123,112
25,Lleida,133,Maials,978,489,489
25,Lleida,130,Maldà,276,145,131
25,Lleida,131,Massalcoreig,624,303,321
25,Lleida,132,Massoteres,182,94,88
25,Lleida,134,Menàrguens,815,416,399
25,Lleida,135,Miralcamp,1230,593,637
25,Lleida,137,Mollerussa,9864,4887,4977
25,Lleida,136,Molsosa (La),129,65,64
25,Lleida,139,Montellà i Martinet,504,269,235
25,Lleida,140,Montferrer i Castellbò,753,412,341
25,Lleida,138,Montgai,790,402,388
25,Lleida,142,Montoliu de Lleida,469,231,238
25,Lleida,141,Montoliu de Segarra,193,109,84
25,Lleida,143,Montornès de Segarra,106,49,57
25,Lleida,145,Nalec,102,48,54
25,Lleida,25,Naut Aran,1498,785,713
25,Lleida,146,Navès,267,132,135
25,Lleida,148,Odèn,280,157,123
25,Lleida,149,Oliana,1856,938,918
25,Lleida,150,Oliola,217,117,100
25,Lleida,151,Olius,564,284,280
25,Lleida,152,Oluges (Les),189,96,93
25,Lleida,153,Omellons (Els),258,134,124
25,Lleida,154,Omells de na Gaia (Els),148,80,68
25,Lleida,155,Organyà,989,505,484
25,Lleida,156,Os de Balaguer,771,402,369
25,Lleida,157,Ossó de Sió,229,118,111
25,Lleida,158,Palau d'Anglesola (El),1704,849,855
25,Lleida,164,Penelles,523,282,241
25,Lleida,165,Peramola,381,204,177
25,Lleida,166,Pinell de Solsonès,215,115,100
25,Lleida,167,Pinós,312,163,149
25,Lleida,911,Plans de Sió (Els),578,303,275
25,Lleida,168,Poal (El),634,339,295
25,Lleida,169,Pobla de Cérvoles (La),218,121,97
25,Lleida,171,Pobla de Segur (La),2832,1364,1468
25,Lleida,30,Pont de Bar (El),163,91,72
25,Lleida,173,Pont de Suert (El),2150,1083,1067
25,Lleida,172,Ponts,2429,1221,1208
25,Lleida,174,Portella (La),577,311,266
25,Lleida,175,Prats i Sansor,214,121,93
25,Lleida,176,Preixana,434,210,224
25,Lleida,177,Preixens,537,253,284
25,Lleida,179,Prullans,217,109,108
25,Lleida,180,Puiggròs,265,139,126
25,Lleida,181,Puigverd d'Agramunt,245,135,110
25,Lleida,182,Puigverd de Lleida,1075,531,544
25,Lleida,183,Rialp,519,274,245
25,Lleida,905,Ribera d'Ondara,497,256,241
25,Lleida,185,Ribera d'Urgellet,820,432,388
25,Lleida,186,Riner,280,147,133
25,Lleida,913,Riu de Cerdanya,81,40,41
25,Lleida,189,Rosselló,1891,929,962
25,Lleida,190,Salàs de Pallars,330,163,167
25,Lleida,191,Sanaüja,465,228,237
25,Lleida,196,Sant Esteve de la Sarga,112,67,45
25,Lleida,192,Sant Guim de Freixenet,1018,494,524
25,Lleida,197,Sant Guim de la Plana,188,100,88
25,Lleida,193,Sant Llorenç de Morunys,903,464,439
25,Lleida,902,Sant Martí de Riucorb,686,356,330
25,Lleida,194,Sant Ramon,570,289,281
25,Lleida,201,Sarroca de Bellera,160,88,72
25,Lleida,200,Sarroca de Lleida,462,232,230
25,Lleida,202,Senterada,103,53,50
25,Lleida,35,Sentiu de Sió (La),465,228,237
25,Lleida,204,Seròs,1730,917,813
25,Lleida,203,Seu d'Urgell (La),11101,5428,5673
25,Lleida,205,Sidamon,583,291,292
25,Lleida,206,Soleràs (El),434,232,202
25,Lleida,207,Solsona,7518,3761,3757
25,Lleida,208,Soriguera,314,156,158
25,Lleida,209,Sort,1829,916,913
25,Lleida,210,Soses,1531,800,731
25,Lleida,211,Sudanell,709,386,323
25,Lleida,212,Sunyer,295,147,148
25,Lleida,215,Talarn,353,174,179
25,Lleida,216,Talavera,293,149,144
25,Lleida,217,Tàrrega,12735,6256,6479
25,Lleida,218,Tarrés,105,56,49
25,Lleida,219,Tarroja de Segarra,179,90,89
25,Lleida,220,Térmens,1400,708,692
25,Lleida,221,Tírvia,125,68,57
25,Lleida,222,Tiurana,32,20,12
25,Lleida,223,Torà,1189,596,593
25,Lleida,224,Torms (Els),199,110,89
25,Lleida,225,Tornabous,813,407,406
25,Lleida,227,Torre de Cabdella (La),670,339,331
25,Lleida,226,Torrebesses,317,155,162
25,Lleida,228,Torrefarrera,1860,954,906
25,Lleida,907,Torrefeta i Florejacs,649,331,318
25,Lleida,230,Torregrossa,2217,1102,1115
25,Lleida,231,Torrelameu,586,321,265
25,Lleida,232,Torres de Segre,1838,950,888
25,Lleida,233,Torre-serona,336,170,166
25,Lleida,234,Tremp,5388,2657,2731
25,Lleida,43,Vall de Boí (La),878,480,398
25,Lleida,901,Vall de Cardós,334,172,162
25,Lleida,238,Vallbona de les Monges,257,128,129
25,Lleida,240,Vallfogona de Balaguer,1512,763,749
25,Lleida,906,Valls d'Aguilar (Les),315,171,144
25,Lleida,239,Valls de Valira (Les),775,424,351
25,Lleida,909,Vansa i Fórnols (La),166,86,80
25,Lleida,242,Verdú,1067,505,562
25,Lleida,243,Vielha e Mijaran,4233,2154,2079
25,Lleida,244,Vilagrassa,436,231,205
25,Lleida,245,Vilaller,589,308,281
25,Lleida,247,Vilamòs,151,76,75
25,Lleida,248,Vilanova de Bellpuig,1136,564,572
25,Lleida,254,Vilanova de la Barca,915,459,456
25,Lleida,249,Vilanova de l'Aguda,266,135,131
25,Lleida,250,Vilanova de Meià,457,238,219
25,Lleida,251,Vilanova de Segrià,806,417,389
25,Lleida,252,Vila-sana,528,264,264
25,Lleida,253,Vilosell (El),192,88,104
25,Lleida,255,Vinaixa,617,299,318
26,Rioja (La),1,Ábalos,264,151,113
26,Rioja (La),2,Agoncillo,900,471,429
26,Rioja (La),3,Aguilar del Río Alhama,664,337,327
26,Rioja (La),4,Ajamil,57,35,22
26,Rioja (La),5,Albelda de Iregua,2355,1189,1166
26,Rioja (La),6,Alberite,2063,1039,1024
26,Rioja (La),7,Alcanadre,790,407,383
26,Rioja (La),8,Aldeanueva de Ebro,2481,1279,1202
26,Rioja (La),9,Alesanco,476,247,229
26,Rioja (La),10,Alesón,143,73,70
26,Rioja (La),11,Alfaro,9240,4685,4555
26,Rioja (La),12,Almarza de Cameros,35,21,14
26,Rioja (La),13,Anguciana,313,168,145
26,Rioja (La),14,Anguiano,568,311,257
26,Rioja (La),15,Arenzana de Abajo,301,156,145
26,Rioja (La),16,Arenzana de Arriba,40,23,17
26,Rioja (La),17,Arnedillo,447,217,230
26,Rioja (La),18,Arnedo,13091,6534,6557
26,Rioja (La),19,Arrúbal,418,218,200
26,Rioja (La),20,Ausejo,697,379,318
26,Rioja (La),21,Autol,2187,1142,1045
26,Rioja (La),22,Azofra,327,174,153
26,Rioja (La),23,Badarán,709,377,332
26,Rioja (La),24,Bañares,393,201,192
26,Rioja (La),26,Baños de Río Tobía,1748,887,861
26,Rioja (La),25,Baños de Rioja,104,61,43
26,Rioja (La),27,Berceo,212,132,80
26,Rioja (La),28,Bergasa,133,75,58
26,Rioja (La),29,Bergasillas Bajera,28,15,13
26,Rioja (La),30,Bezares,30,19,11
26,Rioja (La),31,Bobadilla,153,88,65
26,Rioja (La),32,Brieva de Cameros,78,44,34
26,Rioja (La),33,Briñas,203,105,98
26,Rioja (La),34,Briones,841,495,346
26,Rioja (La),35,Cabezón de Cameros,24,19,5
26,Rioja (La),36,Calahorra,19601,9528,10073
26,Rioja (La),37,Camprovín,203,113,90
26,Rioja (La),38,Canales de la Sierra,87,50,37
26,Rioja (La),39,Canillas de Río Tuerto,58,30,28
26,Rioja (La),40,Cañas,107,49,58
26,Rioja (La),41,Cárdenas,252,122,130
26,Rioja (La),42,Casalarreina,913,467,446
26,Rioja (La),43,Castañares de Rioja,460,228,232
26,Rioja (La),44,Castroviejo,58,36,22
26,Rioja (La),45,Cellorigo,21,11,10
26,Rioja (La),46,Cenicero,2054,1044,1010
26,Rioja (La),47,Cervera del Río Alhama,2912,1510,1402
26,Rioja (La),48,Cidamón,40,20,20
26,Rioja (La),49,Cihuri,152,78,74
26,Rioja (La),50,Cirueña,127,78,49
26,Rioja (La),51,Clavijo,182,97,85
26,Rioja (La),52,Cordovín,207,111,96
26,Rioja (La),53,Corera,254,124,130
26,Rioja (La),54,Cornago,559,307,252
26,Rioja (La),55,Corporales,55,28,27
26,Rioja (La),56,Cuzcurrita de Río Tirón,485,259,226
26,Rioja (La),57,Daroca de Rioja,60,35,25
26,Rioja (La),58,Enciso,174,108,66
26,Rioja (La),59,Entrena,1155,605,550
26,Rioja (La),60,Estollo,131,71,60
26,Rioja (La),61,Ezcaray,1854,990,864
26,Rioja (La),62,Foncea,119,61,58
26,Rioja (La),63,Fonzaleche,164,98,66
26,Rioja (La),64,Fuenmayor,2401,1224,1177
26,Rioja (La),65,Galbárruli,70,40,30
26,Rioja (La),66,Galilea,288,151,137
26,Rioja (La),67,Gallinero de Cameros,27,16,11
26,Rioja (La),68,Gimileo,87,39,48
26,Rioja (La),69,Grañón,411,227,184
26,Rioja (La),70,Grávalos,269,136,133
26,Rioja (La),71,Haro,9274,4583,4691
26,Rioja (La),72,Herce,399,209,190
26,Rioja (La),73,Herramélluri,147,79,68
26,Rioja (La),74,Hervías,171,85,86
26,Rioja (La),75,Hormilla,463,238,225
26,Rioja (La),76,Hormilleja,173,88,85
26,Rioja (La),77,Hornillos de Cameros,18,9,9
26,Rioja (La),78,Hornos de Moncalvillo,92,42,50
26,Rioja (La),79,Huércanos,918,476,442
26,Rioja (La),80,Igea,750,410,340
26,Rioja (La),81,Jalón de Cameros,48,27,21
26,Rioja (La),82,Laguna de Cameros,174,98,76
26,Rioja (La),83,Lagunilla del Jubera,320,171,149
26,Rioja (La),84,Lardero,3210,1619,1591
26,Rioja (La),86,Ledesma de la Cogolla,21,15,6
26,Rioja (La),87,Leiva,294,166,128
26,Rioja (La),88,Leza de Río Leza,26,17,9
26,Rioja (La),89,Logroño,131655,63471,68184
26,Rioja (La),91,Lumbreras,157,93,64
26,Rioja (La),92,Manjarrés,140,76,64
26,Rioja (La),93,Mansilla de la Sierra,49,33,16
26,Rioja (La),94,Manzanares de Rioja,113,64,49
26,Rioja (La),95,Matute,29,14,15
26,Rioja (La),96,Medrano,206,107,99
26,Rioja (La),98,Munilla,129,67,62
26,Rioja (La),99,Murillo de Río Leza,1459,740,719
26,Rioja (La),100,Muro de Aguas,66,38,28
26,Rioja (La),101,Muro en Cameros,36,22,14
26,Rioja (La),102,Nájera,7110,3542,3568
26,Rioja (La),103,Nalda,893,475,418
26,Rioja (La),104,Navajún,17,12,5
26,Rioja (La),105,Navarrete,2165,1123,1042
26,Rioja (La),106,Nestares,73,39,34
26,Rioja (La),107,Nieva de Cameros,114,59,55
26,Rioja (La),109,Ochánduri,99,51,48
26,Rioja (La),108,Ocón,317,190,127
26,Rioja (La),110,Ojacastro,240,142,98
26,Rioja (La),111,Ollauri,294,162,132
26,Rioja (La),112,Ortigosa de Cameros,314,167,147
26,Rioja (La),113,Pazuengos,46,28,18
26,Rioja (La),114,Pedroso,103,60,43
26,Rioja (La),115,Pinillos,30,16,14
26,Rioja (La),117,Pradejón,3186,1705,1481
26,Rioja (La),118,Pradillo,86,46,40
26,Rioja (La),119,Préjano,210,100,110
26,Rioja (La),120,Quel,1913,1010,903
26,Rioja (La),121,Rabanera,36,26,10
26,Rioja (La),122,Rasillo de Cameros (El),103,56,47
26,Rioja (La),123,Redal (El),195,100,95
26,Rioja (La),124,Ribafrecha,918,503,415
26,Rioja (La),125,Rincón de Soto,3408,1756,1652
26,Rioja (La),126,Robres del Castillo,36,20,16
26,Rioja (La),127,Rodezno,312,170,142
26,Rioja (La),128,Sajazarra,139,69,70
26,Rioja (La),129,San Asensio,1169,605,564
26,Rioja (La),130,San Millán de la Cogolla,257,158,99
26,Rioja (La),131,San Millán de Yécora,47,29,18
26,Rioja (La),132,San Román de Cameros,164,92,72
26,Rioja (La),139,San Torcuato,93,52,41
26,Rioja (La),142,San Vicente de la Sonsierra,1123,582,541
26,Rioja (La),134,Santa Coloma,149,89,60
26,Rioja (La),135,Santa Engracia del Jubera,198,115,83
26,Rioja (La),136,Santa Eulalia Bajera,120,67,53
26,Rioja (La),138,Santo Domingo de la Calzada,5741,2888,2853
26,Rioja (La),140,Santurde de Rioja,309,154,155
26,Rioja (La),141,Santurdejo,186,100,86
26,Rioja (La),143,Sojuela,86,49,37
26,Rioja (La),144,Sorzano,215,110,105
26,Rioja (La),145,Sotés,210,122,88
26,Rioja (La),146,Soto en Cameros,158,91,67
26,Rioja (La),147,Terroba,31,17,14
26,Rioja (La),148,Tirgo,247,132,115
26,Rioja (La),149,Tobía,36,18,18
26,Rioja (La),150,Tormantos,208,111,97
26,Rioja (La),153,Torre en Cameros,15,12,3
26,Rioja (La),151,Torrecilla en Cameros,553,298,255
26,Rioja (La),152,Torrecilla sobre Alesanco,65,33,32
26,Rioja (La),154,Torremontalbo,16,9,7
26,Rioja (La),155,Treviana,248,131,117
26,Rioja (La),157,Tricio,370,177,193
26,Rioja (La),158,Tudelilla,412,207,205
26,Rioja (La),160,Uruñuela,750,387,363
26,Rioja (La),161,Valdemadera,13,9,4
26,Rioja (La),162,Valgañón,154,84,70
26,Rioja (La),163,Ventosa,125,67,58
26,Rioja (La),164,Ventrosa,92,49,43
26,Rioja (La),165,Viguera,348,203,145
26,Rioja (La),166,Villalba de Rioja,156,91,65
26,Rioja (La),167,Villalobar de Rioja,117,71,46
26,Rioja (La),168,Villamediana de Iregua,2414,1254,1160
26,Rioja (La),169,Villanueva de Cameros,123,70,53
26,Rioja (La),170,Villar de Arnedo (El),652,321,331
26,Rioja (La),171,Villar de Torre,298,157,141
26,Rioja (La),172,Villarejo,48,29,19
26,Rioja (La),173,Villarroya,9,4,5
26,Rioja (La),174,Villarta-Quintana,203,101,102
26,Rioja (La),175,Villavelayo,92,59,33
26,Rioja (La),176,Villaverde de Rioja,103,58,45
26,Rioja (La),177,Villoslada de Cameros,390,233,157
26,Rioja (La),178,Viniegra de Abajo,121,64,57
26,Rioja (La),179,Viniegra de Arriba,61,36,25
26,Rioja (La),180,Zarratón,247,126,121
26,Rioja (La),181,Zarzosa,13,10,3
26,Rioja (La),183,Zorraquín,41,26,15
27,Lugo,1,Abadín,3432,1639,1793
27,Lugo,2,Alfoz,2421,1174,1247
27,Lugo,3,Antas de Ulla,2733,1307,1426
27,Lugo,4,Baleira,1888,978,910
27,Lugo,901,Baralla,3342,1714,1628
27,Lugo,5,Barreiros,3370,1618,1752
27,Lugo,6,Becerreá,3639,1837,1802
27,Lugo,7,Begonte,3796,1886,1910
27,Lugo,8,Bóveda,2008,973,1035
27,Lugo,902,Burela,8105,4020,4085
27,Lugo,9,Carballedo,3173,1564,1609
27,Lugo,10,Castro de Rei,5963,2966,2997
27,Lugo,11,Castroverde,3488,1800,1688
27,Lugo,12,Cervantes,2185,1191,994
27,Lugo,13,Cervo,5056,2509,2547
27,Lugo,16,Chantada,9765,4786,4979
27,Lugo,14,Corgo (O),4243,2142,2101
27,Lugo,15,Cospeito,5842,2880,2962
27,Lugo,17,Folgoso do Courel,1549,784,765
27,Lugo,18,Fonsagrada (A),5334,2807,2527
27,Lugo,19,Foz,9659,4619,5040
27,Lugo,20,Friol,4784,2365,2419
27,Lugo,22,Guitiriz,6323,3117,3206
27,Lugo,23,Guntín,3495,1757,1738
27,Lugo,24,Incio (O),2503,1216,1287
27,Lugo,26,Láncara,3260,1676,1584
27,Lugo,27,Lourenzá,2823,1366,1457
27,Lugo,28,Lugo,88901,41757,47144
27,Lugo,29,Meira,1834,895,939
27,Lugo,30,Mondoñedo,5051,2338,2713
27,Lugo,31,Monforte de Lemos,19870,9469,10401
27,Lugo,32,Monterroso,4238,2092,2146
27,Lugo,33,Muras,1112,545,567
27,Lugo,34,Navia de Suarna,1916,1013,903
27,Lugo,35,Negueira de Muñiz,239,124,115
27,Lugo,37,Nogais (As),1571,813,758
27,Lugo,38,Ourol,1536,744,792
27,Lugo,39,Outeiro de Rei,4320,2176,2144
27,Lugo,40,Palas de Rei,4218,2072,2146
27,Lugo,41,Pantón,3469,1642,1827
27,Lugo,42,Paradela,2603,1288,1315
27,Lugo,43,Páramo (O),1933,988,945
27,Lugo,44,Pastoriza (A),4020,2011,2009
27,Lugo,45,Pedrafita do Cebreiro,1585,840,745
27,Lugo,47,Pobra do Brollón (A),2609,1271,1338
27,Lugo,46,Pol,2126,1044,1082
27,Lugo,48,Pontenova (A),3358,1644,1714
27,Lugo,49,Portomarín,2063,1015,1048
27,Lugo,50,Quiroga,4255,2054,2201
27,Lugo,56,Rábade,1601,794,807
27,Lugo,51,Ribadeo,9110,4261,4849
27,Lugo,52,Ribas de Sil,1441,690,751
27,Lugo,53,Ribeira de Piquín,872,428,444
27,Lugo,54,Riotorto,1874,924,950
27,Lugo,55,Samos,2125,1106,1019
27,Lugo,57,Sarria,13084,6404,6680
27,Lugo,58,Saviñao (O),5056,2451,2605
27,Lugo,59,Sober,3077,1474,1603
27,Lugo,60,Taboada,4180,2003,2177
27,Lugo,61,Trabada,1641,795,846
27,Lugo,62,Triacastela,919,450,469
27,Lugo,63,Valadouro (O),2398,1191,1207
27,Lugo,64,Vicedo (O),2341,1156,1185
27,Lugo,65,Vilalba,15623,7634,7989
27,Lugo,66,Viveiro,15455,7457,7998
27,Lugo,21,Xermade,2690,1306,1384
27,Lugo,25,Xove,3632,1806,1826
28,Madrid,1,Acebeda (La),56,31,25
28,Madrid,2,Ajalvir,2386,1260,1126
28,Madrid,3,Alameda del Valle,193,108,85
28,Madrid,4,Álamo (El),4932,2746,2186
28,Madrid,5,Alcalá de Henares,172418,86058,86360
28,Madrid,6,Alcobendas,92537,45567,46970
28,Madrid,7,Alcorcón,147787,72995,74792
28,Madrid,8,Aldea del Fresno,1503,797,706
28,Madrid,9,Algete,15360,7770,7590
28,Madrid,10,Alpedrete,8121,4093,4028
28,Madrid,11,Ambite,302,154,148
28,Madrid,12,Anchuelo,579,317,262
28,Madrid,13,Aranjuez,40113,19398,20715
28,Madrid,14,Arganda del Rey,32157,16173,15984
28,Madrid,15,Arroyomolinos,4700,2409,2291
28,Madrid,16,Atazar (El),92,50,42
28,Madrid,17,Batres,920,474,446
28,Madrid,18,Becerril de la Sierra,3571,1864,1707
28,Madrid,19,Belmonte de Tajo,1158,589,569
28,Madrid,21,Berrueco (El),334,185,149
28,Madrid,20,Berzosa del Lozoya,131,68,63
28,Madrid,22,Boadilla del Monte,23654,11893,11761
28,Madrid,23,Boalo (El),3447,1783,1664
28,Madrid,24,Braojos,161,92,69
28,Madrid,25,Brea de Tajo,448,230,218
28,Madrid,26,Brunete,5414,2681,2733
28,Madrid,27,Buitrago del Lozoya,1565,759,806
28,Madrid,28,Bustarviejo,1528,783,745
28,Madrid,29,Cabanillas de la Sierra,473,253,220
28,Madrid,30,Cabrera (La),1827,906,921
28,Madrid,31,Cadalso de los Vidrios,2311,1173,1138
28,Madrid,32,Camarma de Esteruelas,2543,1296,1247
28,Madrid,33,Campo Real,2839,1433,1406
28,Madrid,34,Canencia,404,214,190
28,Madrid,35,Carabaña,1180,588,592
28,Madrid,36,Casarrubuelos,875,467,408
28,Madrid,37,Cenicientos,1835,905,930
28,Madrid,38,Cercedilla,5826,2906,2920
28,Madrid,39,Cervera de Buitrago,88,52,36
28,Madrid,51,Chapinería,1439,734,705
28,Madrid,52,Chinchón,4270,2146,2124
28,Madrid,40,Ciempozuelos,14170,7227,6943
28,Madrid,41,Cobeña,3060,1548,1512
28,Madrid,46,Collado Mediano,4766,2414,2352
28,Madrid,47,Collado Villalba,44872,22453,22419
28,Madrid,43,Colmenar de Oreja,5548,2711,2837
28,Madrid,42,Colmenar del Arroyo,913,427,486
28,Madrid,45,Colmenar Viejo,34194,17021,17173
28,Madrid,44,Colmenarejo,4968,2491,2477
28,Madrid,48,Corpa,418,198,220
28,Madrid,49,Coslada,78774,39321,39453
28,Madrid,50,Cubas de la Sagra,1793,884,909
28,Madrid,53,Daganzo de Arriba,4208,2128,2080
28,Madrid,54,Escorial (El),11209,5598,5611
28,Madrid,55,Estremera,1049,522,527
28,Madrid,56,Fresnedillas de la Oliva,855,452,403
28,Madrid,57,Fresno de Torote,722,404,318
28,Madrid,58,Fuenlabrada,178221,89930,88291
28,Madrid,59,Fuente el Saz de Jarama,4369,2272,2097
28,Madrid,60,Fuentidueña de Tajo,1471,717,754
28,Madrid,61,Galapagar,23693,12018,11675
28,Madrid,62,Garganta de los Montes,317,167,150
28,Madrid,63,Gargantilla del Lozoya y Pinilla de Buitrago,245,142,103
28,Madrid,64,Gascones,114,62,52
28,Madrid,65,Getafe,150532,74825,75707
28,Madrid,66,Griñón,5040,2572,2468
28,Madrid,67,Guadalix de la Sierra,3394,1775,1619
28,Madrid,68,Guadarrama,10275,5083,5192
28,Madrid,69,Hiruela (La),77,42,35
28,Madrid,70,Horcajo de la Sierra,146,77,69
28,Madrid,71,Horcajuelo de la Sierra,108,49,59
28,Madrid,72,Hoyo de Manzanares,6013,3050,2963
28,Madrid,73,Humanes de Madrid,9937,5122,4815
28,Madrid,74,Leganés,173426,86288,87138
28,Madrid,75,Loeches,3176,1585,1591
28,Madrid,76,Lozoya,459,236,223
28,Madrid,901,Lozoyuela-Navas-Sieteiglesias,680,355,325
28,Madrid,78,Madarcos,23,13,10
28,Madrid,79,Madrid,2957058,1380788,1576270
28,Madrid,80,Majadahonda,49137,23686,25451
28,Madrid,82,Manzanares el Real,4292,2250,2042
28,Madrid,83,Meco,6923,3559,3364
28,Madrid,84,Mejorada del Campo,16565,8340,8225
28,Madrid,85,Miraflores de la Sierra,3854,1948,1906
28,Madrid,86,Molar (El),3898,2068,1830
28,Madrid,87,Molinos (Los),3497,1697,1800
28,Madrid,88,Montejo de la Sierra,318,157,161
28,Madrid,89,Moraleja de Enmedio,3195,1616,1579
28,Madrid,90,Moralzarzal,6134,3129,3005
28,Madrid,91,Morata de Tajuña,5485,2729,2756
28,Madrid,92,Móstoles,197062,97801,99261
28,Madrid,93,Navacerrada,1913,962,951
28,Madrid,94,Navalafuente,588,321,267
28,Madrid,95,Navalagamella,1200,603,597
28,Madrid,96,Navalcarnero,14256,7230,7026
28,Madrid,97,Navarredonda y San Mamés,106,60,46
28,Madrid,99,Navas del Rey,1746,936,810
28,Madrid,100,Nuevo Baztán,3677,1887,1790
28,Madrid,101,Olmeda de las Fuentes,146,81,65
28,Madrid,102,Orusco de Tajuña,644,339,305
28,Madrid,104,Paracuellos de Jarama,6334,3249,3085
28,Madrid,106,Parla,77157,38825,38332
28,Madrid,107,Patones,366,193,173
28,Madrid,108,Pedrezuela,1613,847,766
28,Madrid,109,Pelayos de la Presa,1422,703,719
28,Madrid,110,Perales de Tajuña,2089,1020,1069
28,Madrid,111,Pezuela de las Torres,491,260,231
28,Madrid,112,Pinilla del Valle,155,85,70
28,Madrid,113,Pinto,30114,15158,14956
28,Madrid,114,Piñuécar-Gandullas,140,64,76
28,Madrid,115,Pozuelo de Alarcón,68470,33352,35118
28,Madrid,116,Pozuelo del Rey,181,99,82
28,Madrid,117,Prádena del Rincón,103,59,44
28,Madrid,118,Puebla de la Sierra,96,49,47
28,Madrid,902,Puentes Viejas,407,227,180
28,Madrid,119,Quijorna,1194,643,551
28,Madrid,120,Rascafría,1637,857,780
28,Madrid,121,Redueña,188,98,90
28,Madrid,122,Ribatejada,390,211,179
28,Madrid,123,Rivas-Vaciamadrid,32228,16175,16053
28,Madrid,124,Robledillo de la Jara,93,45,48
28,Madrid,125,Robledo de Chavela,2439,1233,1206
28,Madrid,126,Robregordo,88,44,44
28,Madrid,127,Rozas de Madrid (Las),59002,28820,30182
28,Madrid,128,Rozas de Puerto Real,273,146,127
28,Madrid,129,San Agustín de Guadalix,6333,3175,3158
28,Madrid,130,San Fernando de Henares,35089,17675,17414
28,Madrid,131,San Lorenzo de El Escorial,12455,6046,6409
28,Madrid,132,San Martín de la Vega,11415,5926,5489
28,Madrid,133,San Martín de Valdeiglesias,6191,3063,3128
28,Madrid,134,San Sebastián de los Reyes,59646,29717,29929
28,Madrid,135,Santa María de la Alameda,702,379,323
28,Madrid,136,Santorcaz,583,309,274
28,Madrid,137,Santos de la Humosa (Los),930,476,454
28,Madrid,138,Serna del Monte (La),115,57,58
28,Madrid,140,Serranillos del Valle,901,471,430
28,Madrid,141,Sevilla la Nueva,4054,2122,1932
28,Madrid,143,Somosierra,98,54,44
28,Madrid,144,Soto del Real,5850,2947,2903
28,Madrid,145,Talamanca de Jarama,1547,769,778
28,Madrid,146,Tielmes,2003,1037,966
28,Madrid,147,Titulcia,934,476,458
28,Madrid,148,Torrejón de Ardoz,97546,46999,50547
28,Madrid,149,Torrejón de la Calzada,4462,2238,2224
28,Madrid,150,Torrejón de Velasco,2085,1101,984
28,Madrid,151,Torrelaguna,2898,1430,1468
28,Madrid,152,Torrelodones,14717,7191,7526
28,Madrid,153,Torremocha de Jarama,351,184,167
28,Madrid,154,Torres de la Alameda,4541,2299,2242
28,Madrid,903,Tres Cantos,36598,18134,18464
28,Madrid,155,Valdaracete,604,298,306
28,Madrid,156,Valdeavero,636,347,289
28,Madrid,157,Valdelaguna,573,304,269
28,Madrid,158,Valdemanco,517,275,242
28,Madrid,159,Valdemaqueda,595,302,293
28,Madrid,160,Valdemorillo,6482,3364,3118
28,Madrid,161,Valdemoro,30986,15558,15428
28,Madrid,162,Valdeolmos-Alalpardo,1804,939,865
28,Madrid,163,Valdepiélagos,306,160,146
28,Madrid,164,Valdetorres de Jarama,2131,1100,1031
28,Madrid,165,Valdilecha,1930,1005,925
28,Madrid,166,Valverde de Alcalá,309,161,148
28,Madrid,167,Velilla de San Antonio,7447,3806,3641
28,Madrid,168,Vellón (El),1190,616,574
28,Madrid,169,Venturada,919,486,433
28,Madrid,171,Villa del Prado,4106,2119,1987
28,Madrid,170,Villaconejos,2946,1511,1435
28,Madrid,172,Villalbilla,4595,2399,2196
28,Madrid,173,Villamanrique de Tajo,614,312,302
28,Madrid,174,Villamanta,1663,857,806
28,Madrid,175,Villamantilla,337,175,162
28,Madrid,176,Villanueva de la Cañada,11429,5645,5784
28,Madrid,178,Villanueva de Perales,550,305,245
28,Madrid,177,Villanueva del Pardillo,5296,2687,2609
28,Madrid,179,Villar del Olmo,1517,772,745
28,Madrid,180,Villarejo de Salvanés,5753,2853,2900
28,Madrid,181,Villaviciosa de Odón,20832,10286,10546
28,Madrid,182,Villavieja del Lozoya,185,92,93
28,Madrid,183,Zarzalejo,1061,542,519
29,Málaga,1,Alameda,5008,2485,2523
29,Málaga,2,Alcaucín,1534,769,765
29,Málaga,3,Alfarnate,1429,738,691
29,Málaga,4,Alfarnatejo,392,210,182
29,Málaga,5,Algarrobo,4844,2412,2432
29,Málaga,6,Algatocín,962,489,473
29,Málaga,7,Alhaurín de la Torre,22654,11299,11355
29,Málaga,8,Alhaurín el Grande,17488,8736,8752
29,Málaga,9,Almáchar,1873,958,915
29,Málaga,10,Almargen,2084,1033,1051
29,Málaga,11,Almogía,4093,2065,2028
29,Málaga,12,Álora,12471,6249,6222
29,Málaga,13,Alozaina,2159,1124,1035
29,Málaga,14,Alpandeire,299,149,150
29,Málaga,15,Antequera,40816,19968,20848
29,Málaga,16,Árchez,352,176,176
29,Málaga,17,Archidona,8206,4071,4135
29,Málaga,18,Ardales,2856,1400,1456
29,Málaga,19,Arenas,1194,639,555
29,Málaga,20,Arriate,3454,1669,1785
29,Málaga,21,Atajate,172,93,79
29,Málaga,22,Benadalid,270,141,129
29,Málaga,23,Benahavís,2116,1052,1064
29,Málaga,24,Benalauría,487,253,234
29,Málaga,25,Benalmádena,33557,16506,17051
29,Málaga,26,Benamargosa,1548,787,761
29,Málaga,27,Benamocarra,2817,1417,1400
29,Málaga,28,Benaoján,1623,804,819
29,Málaga,29,Benarrabá,611,324,287
29,Málaga,30,Borge (El),1018,521,497
29,Málaga,31,Burgo (El),2102,1057,1045
29,Málaga,32,Campillos,7681,3851,3830
29,Málaga,33,Canillas de Aceituno,2171,1092,1079
29,Málaga,34,Canillas de Albaida,732,388,344
29,Málaga,35,Cañete la Real,2177,1119,1058
29,Málaga,36,Carratraca,835,408,427
29,Málaga,37,Cartajima,207,109,98
29,Málaga,38,Cártama,13483,6805,6678
29,Málaga,39,Casabermeja,3016,1578,1438
29,Málaga,40,Casarabonela,2507,1272,1235
29,Málaga,41,Casares,3338,1745,1593
29,Málaga,42,Coín,17998,8994,9004
29,Málaga,43,Colmenar,3146,1540,1606
29,Málaga,44,Comares,1369,700,669
29,Málaga,45,Cómpeta,2822,1429,1393
29,Málaga,46,Cortes de la Frontera,3442,1731,1711
29,Málaga,47,Cuevas Bajas,1461,710,751
29,Málaga,49,Cuevas de San Marcos,3980,1950,2030
29,Málaga,48,Cuevas del Becerro,1949,980,969
29,Málaga,50,Cútar,610,307,303
29,Málaga,51,Estepona,43527,21535,21992
29,Málaga,52,Faraján,301,141,160
29,Málaga,53,Frigiliana,2182,1078,1104
29,Málaga,54,Fuengirola,50263,24710,25553
29,Málaga,55,Fuente de Piedra,1913,912,1001
29,Málaga,56,Gaucín,1732,897,835
29,Málaga,57,Genalguacil,556,287,269
29,Málaga,58,Guaro,1880,956,924
29,Málaga,59,Humilladero,2683,1366,1317
29,Málaga,60,Igualeja,902,456,446
29,Málaga,61,Istán,1322,666,656
29,Málaga,62,Iznate,766,391,375
29,Málaga,63,Jimera de Líbar,378,180,198
29,Málaga,64,Jubrique,820,412,408
29,Málaga,65,Júzcar,227,126,101
29,Málaga,66,Macharaviaya,356,196,160
29,Málaga,67,Málaga,534207,254477,279730
29,Málaga,68,Manilva,5986,3051,2935
29,Málaga,69,Marbella,110847,54786,56061
29,Málaga,70,Mijas,44741,22443,22298
29,Málaga,71,Moclinejo,1148,596,552
29,Málaga,72,Mollina,3439,1682,1757
29,Málaga,73,Monda,1698,865,833
29,Málaga,74,Montejaque,1008,501,507
29,Málaga,75,Nerja,16464,8133,8331
29,Málaga,76,Ojén,2091,1103,988
29,Málaga,77,Parauta,215,112,103
29,Málaga,79,Periana,3318,1717,1601
29,Málaga,80,Pizarra,6593,3201,3392
29,Málaga,81,Pujerra,295,165,130
29,Málaga,82,Rincón de la Victoria,24224,12167,12057
29,Málaga,83,Riogordo,2673,1363,1310
29,Málaga,84,Ronda,34214,16794,17420
29,Málaga,85,Salares,206,102,104
29,Málaga,86,Sayalonga,1196,614,582
29,Málaga,87,Sedella,492,261,231
29,Málaga,88,Sierra de Yeguas,3237,1605,1632
29,Málaga,89,Teba,4385,2231,2154
29,Málaga,90,Tolox,2297,1185,1112
29,Málaga,901,Torremolinos,43613,21562,22051
29,Málaga,91,Torrox,12257,6072,6185
29,Málaga,92,Totalán,618,314,304
29,Málaga,93,Valle de Abdalajís,2980,1467,1513
29,Málaga,94,Vélez-Málaga,56233,27848,28385
29,Málaga,95,Villanueva de Algaidas,4147,2053,2094
29,Málaga,98,Villanueva de Tapia,1610,827,783
29,Málaga,96,Villanueva del Rosario,3342,1643,1699
29,Málaga,97,Villanueva del Trabuco,4739,2407,2332
29,Málaga,99,Viñuela,1247,617,630
29,Málaga,100,Yunquera,3259,1699,1560
30,Murcia,1,Abanilla,6033,3030,3003
30,Murcia,2,Abarán,12425,6235,6190
30,Murcia,3,Águilas,28226,14071,14155
30,Murcia,4,Albudeite,1371,690,681
30,Murcia,5,Alcantarilla,34263,16927,17336
30,Murcia,902,Alcázares (Los),8264,4196,4068
30,Murcia,6,Aledo,1026,527,499
30,Murcia,7,Alguazas,7156,3574,3582
30,Murcia,8,Alhama de Murcia,16225,8142,8083
30,Murcia,9,Archena,15018,7545,7473
30,Murcia,10,Beniel,8470,4316,4154
30,Murcia,11,Blanca,5803,2899,2904
30,Murcia,12,Bullas,11013,5546,5467
30,Murcia,13,Calasparra,9066,4531,4535
30,Murcia,14,Campos del Río,2032,999,1033
30,Murcia,15,Caravaca de la Cruz,22880,11385,11495
30,Murcia,16,Cartagena,183799,91519,92280
30,Murcia,17,Cehegín,14383,7227,7156
30,Murcia,18,Ceutí,7645,3891,3754
30,Murcia,19,Cieza,32935,16242,16693
30,Murcia,20,Fortuna,6991,3599,3392
30,Murcia,21,Fuente Álamo de Murcia,11371,6079,5292
30,Murcia,22,Jumilla,22250,11364,10886
30,Murcia,23,Librilla,3945,1955,1990
30,Murcia,24,Lorca,77075,39237,37838
30,Murcia,25,Lorquí,5706,2864,2842
30,Murcia,26,Mazarrón,21229,11465,9764
30,Murcia,27,Molina de Segura,46252,23138,23114
30,Murcia,28,Moratalla,8436,4275,4161
30,Murcia,29,Mula,14501,7342,7159
30,Murcia,30,Murcia,367189,179893,187296
30,Murcia,31,Ojós,584,298,286
30,Murcia,32,Pliego,3432,1765,1667
30,Murcia,33,Puerto Lumbreras,11069,5477,5592
30,Murcia,34,Ricote,1561,768,793
30,Murcia,35,San Javier,20402,10486,9916
30,Murcia,36,San Pedro del Pinatar,16269,8138,8131
30,Murcia,901,Santomera,11566,5831,5735
30,Murcia,37,Torre-Pacheco,24152,13405,10747
30,Murcia,38,Torres de Cotillas (Las),16394,8318,8076
30,Murcia,39,Totana,23756,12223,11533
30,Murcia,40,Ulea,981,502,479
30,Murcia,41,Unión (La),14793,7417,7376
30,Murcia,42,Villanueva del Río Segura,1569,761,808
30,Murcia,43,Yecla,30872,15665,15207
31,Navarra,1,Abáigar,97,52,45
31,Navarra,2,Abárzuza,516,259,257
31,Navarra,3,Abaurregaina/Abaurrea Alta,164,97,67
31,Navarra,4,Abaurrepea/Abaurrea Baja,49,34,15
31,Navarra,5,Aberin,356,188,168
31,Navarra,6,Ablitas,2339,1208,1131
31,Navarra,7,Adiós,142,73,69
31,Navarra,8,Aguilar de Codés,101,57,44
31,Navarra,9,Aibar/Oibar,931,491,440
31,Navarra,11,Allín,808,419,389
31,Navarra,12,Allo,1028,512,516
31,Navarra,10,Altsasu/Alsasua,7201,3642,3559
31,Navarra,13,Améscoa Baja,808,422,386
31,Navarra,14,Ancín,336,191,145
31,Navarra,15,Andosilla,2461,1228,1233
31,Navarra,16,Ansoáin,7656,3883,3773
31,Navarra,17,Anue,414,241,173
31,Navarra,18,Añorbe,463,245,218
31,Navarra,19,Aoiz/Agoitz,1862,927,935
31,Navarra,20,Araitz,608,357,251
31,Navarra,25,Arakil,887,473,414
31,Navarra,21,Aranarache,95,47,48
31,Navarra,23,Aranguren,3943,2041,1902
31,Navarra,24,Arano,144,78,66
31,Navarra,22,Arantza,645,361,284
31,Navarra,26,Aras,225,122,103
31,Navarra,27,Arbizu,922,487,435
31,Navarra,28,Arce/Artzi,299,167,132
31,Navarra,29,Arcos (Los),1319,664,655
31,Navarra,30,Arellano,192,103,89
31,Navarra,31,Areso,286,151,135
31,Navarra,32,Arguedas,2279,1156,1123
31,Navarra,33,Aria,70,44,26
31,Navarra,34,Aribe,62,33,29
31,Navarra,35,Armañanzas,88,45,43
31,Navarra,36,Arróniz,1154,611,543
31,Navarra,37,Arruazu,104,57,47
31,Navarra,38,Artajona,1674,881,793
31,Navarra,39,Artazu,77,43,34
31,Navarra,40,Atez,221,133,88
31,Navarra,58,Auritz/Burguete,326,144,182
31,Navarra,41,Ayegui,1044,547,497
31,Navarra,42,Azagra,3756,1924,1832
31,Navarra,43,Azuelo,52,23,29
31,Navarra,44,Bakaiku,362,200,162
31,Navarra,901,Barañain,21492,10540,10952
31,Navarra,45,Barásoain,465,238,227
31,Navarra,46,Barbarin,96,44,52
31,Navarra,47,Bargota,381,188,193
31,Navarra,48,Barillas,208,103,105
31,Navarra,49,Basaburua,667,381,286
31,Navarra,50,Baztan,7629,3883,3746
31,Navarra,137,Beintza-Labaien,291,162,129
31,Navarra,51,Beire,307,151,156
31,Navarra,52,Belascoáin,107,52,55
31,Navarra,250,Bera/Vera de Bidasoa,3531,1780,1751
31,Navarra,53,Berbinzana,729,366,363
31,Navarra,905,Beriáin,2707,1350,1357
31,Navarra,902,Berrioplano,1278,647,631
31,Navarra,903,Berriozar,6002,3126,2876
31,Navarra,54,Bertizarana,651,336,315
31,Navarra,55,Betelu,350,188,162
31,Navarra,253,Bidaurreta,107,61,46
31,Navarra,56,Biurrun-Olcoz,205,116,89
31,Navarra,57,Buñuel,2426,1213,1213
31,Navarra,59,Burgui/Burgi,240,136,104
31,Navarra,60,Burlada/Burlata,17288,8587,8701
31,Navarra,61,Busto (El),102,55,47
31,Navarra,62,Cabanillas,1518,804,714
31,Navarra,63,Cabredo,122,65,57
31,Navarra,64,Cadreita,1966,991,975
31,Navarra,65,Caparroso,2433,1225,1208
31,Navarra,66,Cárcar,1264,621,643
31,Navarra,67,Carcastillo,2630,1325,1305
31,Navarra,68,Cascante,3783,1898,1885
31,Navarra,69,Cáseda,1067,522,545
31,Navarra,70,Castejón,3247,1647,1600
31,Navarra,71,Castillonuevo,21,13,8
31,Navarra,72,Cintruénigo,6020,3034,2986
31,Navarra,74,Cirauqui,456,255,201
31,Navarra,75,Ciriza,72,30,42
31,Navarra,76,Cizur,1391,706,685
31,Navarra,77,Corella,7047,3536,3511
31,Navarra,78,Cortes,3329,1743,1586
31,Navarra,79,Desojo,134,76,58
31,Navarra,80,Dicastillo,689,363,326
31,Navarra,81,Donamaria,391,191,200
31,Navarra,221,Doneztebe/Santesteban,1407,697,710
31,Navarra,83,Echarri,56,30,26
31,Navarra,86,Egüés,2773,1410,1363
31,Navarra,87,Elgorriaga,207,99,108
31,Navarra,89,Enériz,197,103,94
31,Navarra,90,Eratsun,175,113,62
31,Navarra,91,Ergoiena,461,257,204
31,Navarra,92,Erro,778,431,347
31,Navarra,94,Eslava,169,84,85
31,Navarra,95,Esparza de Salazar,108,57,51
31,Navarra,96,Espronceda,167,95,72
31,Navarra,97,Estella/Lizarra,12887,6250,6637
31,Navarra,98,Esteribar,1527,817,710
31,Navarra,99,Etayo,90,45,45
31,Navarra,82,Etxalar,793,421,372
31,Navarra,84,Etxarri-Aranatz,2251,1158,1093
31,Navarra,85,Etxauri,423,222,201
31,Navarra,100,Eulate,380,203,177
31,Navarra,101,Ezcabarte,1265,687,578
31,Navarra,93,Ezcároz/Ezkaroze,369,195,174
31,Navarra,102,Ezkurra,224,141,83
31,Navarra,103,Ezprogui,64,32,32
31,Navarra,104,Falces,2569,1261,1308
31,Navarra,105,Fitero,1997,1018,979
31,Navarra,106,Fontellas,809,423,386
31,Navarra,107,Funes,2268,1196,1072
31,Navarra,108,Fustiñana,2414,1234,1180
31,Navarra,109,Galar,1233,644,589
31,Navarra,110,Gallipienzo,153,80,73
31,Navarra,111,Gallués/Galoze,123,75,48
31,Navarra,112,Garaioa,127,70,57
31,Navarra,113,Garde,195,107,88
31,Navarra,114,Garínoain,374,203,171
31,Navarra,115,Garralda,200,100,100
31,Navarra,116,Genevilla,123,66,57
31,Navarra,117,Goizueta,911,489,422
31,Navarra,118,Goñi,200,117,83
31,Navarra,119,Güesa/Gorza,75,40,35
31,Navarra,120,Guesálaz,482,275,207
31,Navarra,121,Guirguillano,72,40,32
31,Navarra,256,Hiriberri/Villanueva de Aezkoa,145,84,61
31,Navarra,122,Huarte/Uharte,2952,1489,1463
31,Navarra,124,Ibargoiti,234,134,100
31,Navarra,259,Igantzi,598,310,288
31,Navarra,125,Igúzquiza,351,172,179
31,Navarra,126,Imotz,396,219,177
31,Navarra,127,Irañeta,162,85,77
31,Navarra,904,Irurtzun,2188,1154,1034
31,Navarra,128,Isaba/Izaba,535,260,275
31,Navarra,129,Ituren,465,233,232
31,Navarra,130,Iturmendi,382,195,187
31,Navarra,131,Iza,694,362,332
31,Navarra,132,Izagaondoa,157,95,62
31,Navarra,133,Izalzu/Itzaltzu,47,28,19
31,Navarra,134,Jaurrieta,245,129,116
31,Navarra,135,Javier,112,47,65
31,Navarra,136,Juslapeña,483,264,219
31,Navarra,138,Lakuntza,1002,517,485
31,Navarra,139,Lana,214,125,89
31,Navarra,140,Lantz,118,74,44
31,Navarra,141,Lapoblación,201,115,86
31,Navarra,142,Larraga,1937,1049,888
31,Navarra,143,Larraona,151,75,76
31,Navarra,144,Larraun,1075,607,468
31,Navarra,145,Lazagurría,221,119,102
31,Navarra,146,Leache,50,30,20
31,Navarra,147,Legarda,83,46,37
31,Navarra,148,Legaria,124,59,65
31,Navarra,149,Leitza,2935,1539,1396
31,Navarra,908,Lekunberri,861,446,415
31,Navarra,150,Leoz,264,169,95
31,Navarra,151,Lerga,93,49,44
31,Navarra,152,Lerín,1879,945,934
31,Navarra,153,Lesaka,2666,1402,1264
31,Navarra,154,Lezáun,275,159,116
31,Navarra,155,Liédena,355,171,184
31,Navarra,156,Lizoáin,222,134,88
31,Navarra,157,Lodosa,4662,2380,2282
31,Navarra,158,Lónguida/Longida,291,153,138
31,Navarra,159,Lumbier,1430,758,672
31,Navarra,160,Luquin,132,74,58
31,Navarra,248,Luzaide/Valcarlos,466,230,236
31,Navarra,161,Mañeru,366,190,176
31,Navarra,162,Marañón,69,36,33
31,Navarra,163,Marcilla,2617,1355,1262
31,Navarra,164,Mélida,791,408,383
31,Navarra,165,Mendavia,3571,1785,1786
31,Navarra,166,Mendaza,363,175,188
31,Navarra,167,Mendigorría,919,472,447
31,Navarra,168,Metauten,295,160,135
31,Navarra,169,Milagro,2709,1350,1359
31,Navarra,170,Mirafuentes,54,29,25
31,Navarra,171,Miranda de Arga,1009,521,488
31,Navarra,172,Monreal,286,157,129
31,Navarra,173,Monteagudo,1172,584,588
31,Navarra,174,Morentin,149,79,70
31,Navarra,175,Mues,110,58,52
31,Navarra,176,Murchante,3152,1553,1599
31,Navarra,177,Murieta,274,154,120
31,Navarra,178,Murillo el Cuende,649,353,296
31,Navarra,179,Murillo el Fruto,751,379,372
31,Navarra,180,Muruzábal,256,128,128
31,Navarra,181,Navascués,219,138,81
31,Navarra,182,Nazar,55,32,23
31,Navarra,88,Noáin (Valle de Elorz)/Noain (Elortzibar),3972,2003,1969
31,Navarra,183,Obanos,805,394,411
31,Navarra,185,Ochagavía,688,358,330
31,Navarra,184,Oco,87,50,37
31,Navarra,186,Odieta,318,175,143
31,Navarra,187,Oitz,145,87,58
31,Navarra,188,Olaibar,167,90,77
31,Navarra,189,Olazti/Olazagutía,1681,873,808
31,Navarra,190,Olejua,55,26,29
31,Navarra,191,Olite,3183,1596,1587
31,Navarra,194,Ollo,323,184,139
31,Navarra,192,Olóriz,170,100,70
31,Navarra,193,Olza,1422,738,684
31,Navarra,195,Orbaitzeta,239,126,113
31,Navarra,196,Orbara,59,29,30
31,Navarra,906,Orcoyen,1327,682,645
31,Navarra,197,Orísoain,100,57,43
31,Navarra,198,Oronz,57,31,26
31,Navarra,199,Oroz-Betelu,221,118,103
31,Navarra,211,Orreaga/Roncesvalles,29,16,13
31,Navarra,200,Oteiza,898,471,427
31,Navarra,201,Pamplona/Iruña,186245,89077,97168
31,Navarra,202,Peralta,5376,2774,2602
31,Navarra,203,Petilla de Aragón,40,22,18
31,Navarra,204,Piedramillera,64,39,25
31,Navarra,205,Pitillas,559,287,272
31,Navarra,206,Puente la Reina/Gares,2345,1180,1165
31,Navarra,207,Pueyo,337,179,158
31,Navarra,208,Ribaforada,3249,1668,1581
31,Navarra,209,Romanzado,166,98,68
31,Navarra,210,Roncal/Erronkari,349,171,178
31,Navarra,212,Sada,235,127,108
31,Navarra,213,Saldías,148,82,66
31,Navarra,214,Salinas de Oro,111,62,49
31,Navarra,215,San Adrián,5467,2685,2782
31,Navarra,217,San Martín de Unx,458,249,209
31,Navarra,216,Sangüesa/Zangoza,4718,2432,2286
31,Navarra,219,Sansol,125,61,64
31,Navarra,220,Santacara,1051,532,519
31,Navarra,222,Sarriés/Sartze,76,45,31
31,Navarra,223,Sartaguda,1350,686,664
31,Navarra,224,Sesma,1349,656,693
31,Navarra,225,Sorlada,53,28,25
31,Navarra,226,Sunbilla,693,360,333
31,Navarra,227,Tafalla,10443,5151,5292
31,Navarra,228,Tiebas-Muruarte de Reta,578,305,273
31,Navarra,229,Tirapu,64,35,29
31,Navarra,230,Torralba del Río,145,79,66
31,Navarra,231,Torres del Río,180,85,95
31,Navarra,232,Tudela,28998,14375,14623
31,Navarra,233,Tulebras,106,33,73
31,Navarra,234,Ucar,116,65,51
31,Navarra,123,Uharte-Arakil,801,434,367
31,Navarra,235,Ujué,233,121,112
31,Navarra,236,Ultzama,1606,803,803
31,Navarra,237,Unciti,222,140,82
31,Navarra,238,Unzué,131,78,53
31,Navarra,239,Urdazubi/Urdax,375,179,196
31,Navarra,240,Urdiain,627,324,303
31,Navarra,241,Urraul Alto,177,103,74
31,Navarra,242,Urraul Bajo,277,133,144
31,Navarra,244,Urrotz,200,116,84
31,Navarra,243,Urroz,352,184,168
31,Navarra,245,Urzainqui,104,55,49
31,Navarra,246,Uterga,140,71,69
31,Navarra,247,Uztárroz/Uztarroze,256,127,129
31,Navarra,249,Valtierra,2430,1189,1241
31,Navarra,251,Viana,3614,1922,1692
31,Navarra,252,Vidángoz/Bidankoze,113,58,55
31,Navarra,254,Villafranca,2618,1325,1293
31,Navarra,255,Villamayor de Monjardín,124,65,59
31,Navarra,257,Villatuerta,818,424,394
31,Navarra,258,Villava/Atarrabia,9516,4688,4828
31,Navarra,260,Yerri,1403,743,660
31,Navarra,261,Yesa,237,135,102
31,Navarra,262,Zabalza,164,79,85
31,Navarra,73,Ziordia,361,167,194
31,Navarra,907,Zizur Mayor/Zizur Nagusia,11394,5688,5706
31,Navarra,263,Zubieta,298,176,122
31,Navarra,264,Zugarramurdi,231,119,112
31,Navarra,265,Zúñiga,111,65,46
32,Ourense,1,Allariz,5173,2486,2687
32,Ourense,2,Amoeiro,2318,1127,1191
32,Ourense,3,Arnoia (A),1241,583,658
32,Ourense,4,Avión,2812,1233,1579
32,Ourense,5,Baltar,1245,609,636
32,Ourense,6,Bande,2541,1193,1348
32,Ourense,7,Baños de Molgas,2191,1075,1116
32,Ourense,8,Barbadás,6712,3287,3425
32,Ourense,9,Barco de Valdeorras (O),13002,6500,6502
32,Ourense,10,Beade,606,303,303
32,Ourense,11,Beariz,1542,714,828
32,Ourense,12,Blancos (Os),1270,630,640
32,Ourense,13,Boborás,3330,1506,1824
32,Ourense,14,Bola (A),1567,726,841
32,Ourense,15,Bolo (O),1374,669,705
32,Ourense,16,Calvos de Randín,1258,628,630
32,Ourense,18,Carballeda de Avia,1655,787,868
32,Ourense,17,Carballeda de Valdeorras,2257,1125,1132
32,Ourense,19,Carballiño (O),12526,5916,6610
32,Ourense,20,Cartelle,3857,1846,2011
32,Ourense,22,Castrelo de Miño,2121,1014,1107
32,Ourense,21,Castrelo do Val,1316,650,666
32,Ourense,23,Castro Caldelas,1909,971,938
32,Ourense,24,Celanova,5964,2812,3152
32,Ourense,25,Cenlle,1626,751,875
32,Ourense,29,Chandrexa de Queixa,884,485,399
32,Ourense,26,Coles,3200,1600,1600
32,Ourense,27,Cortegada,1462,705,757
32,Ourense,28,Cualedro,2452,1236,1216
32,Ourense,30,Entrimo,1463,666,797
32,Ourense,31,Esgos,1317,646,671
32,Ourense,33,Gomesende,1160,537,623
32,Ourense,34,Gudiña (A),1708,855,853
32,Ourense,35,Irixo (O),2170,1005,1165
32,Ourense,38,Larouco,610,289,321
32,Ourense,39,Laza,1965,976,989
32,Ourense,40,Leiro,2014,948,1066
32,Ourense,41,Lobeira,1264,602,662
32,Ourense,42,Lobios,2658,1284,1374
32,Ourense,43,Maceda,3388,1665,1723
32,Ourense,44,Manzaneda,1242,633,609
32,Ourense,45,Maside,3254,1553,1701
32,Ourense,46,Melón,1568,709,859
32,Ourense,47,Merca (A),2421,1154,1267
32,Ourense,48,Mezquita (A),1521,778,743
32,Ourense,49,Montederramo,1266,652,614
32,Ourense,50,Monterrei,3386,1691,1695
32,Ourense,51,Muíños,1999,962,1037
32,Ourense,52,Nogueira de Ramuín,2621,1245,1376
32,Ourense,53,Oímbra,2009,1017,992
32,Ourense,54,Ourense,109051,50933,58118
32,Ourense,55,Paderne de Allariz,1687,799,888
32,Ourense,56,Padrenda,2743,1304,1439
32,Ourense,57,Parada de Sil,896,430,466
32,Ourense,58,Pereiro de Aguiar (O),5120,2557,2563
32,Ourense,59,Peroxa (A),2571,1211,1360
32,Ourense,60,Petín,1134,551,583
32,Ourense,61,Piñor,1575,771,804
32,Ourense,63,Pobra de Trives (A),2837,1401,1436
32,Ourense,64,Pontedeva,688,319,369
32,Ourense,62,Porqueira,1159,551,608
32,Ourense,65,Punxín,978,461,517
32,Ourense,66,Quintela de Leirado,929,441,488
32,Ourense,67,Rairiz de Veiga,1869,921,948
32,Ourense,68,Ramirás,2082,970,1112
32,Ourense,69,Ribadavia,5441,2628,2813
32,Ourense,71,Riós,2208,1089,1119
32,Ourense,72,Rúa (A),5056,2476,2580
32,Ourense,73,Rubiá,1796,882,914
32,Ourense,74,San Amaro,1501,719,782
32,Ourense,75,San Cibrao das Viñas,3634,1754,1880
32,Ourense,76,San Cristovo de Cea,3198,1548,1650
32,Ourense,70,San Xoán de Río,1000,471,529
32,Ourense,77,Sandiás,1687,773,914
32,Ourense,78,Sarreaus,1897,942,955
32,Ourense,79,Taboadela,1759,882,877
32,Ourense,80,Teixeira (A),576,270,306
32,Ourense,81,Toén,2579,1308,1271
32,Ourense,82,Trasmiras,1922,944,978
32,Ourense,83,Veiga (A),1408,700,708
32,Ourense,84,Verea,1483,707,776
32,Ourense,85,Verín,13246,6429,6817
32,Ourense,86,Viana do Bolo,3961,1961,2000
32,Ourense,87,Vilamarín,2260,1107,1153
32,Ourense,88,Vilamartín de Valdeorras,2489,1204,1285
32,Ourense,89,Vilar de Barrio,2059,1038,1021
32,Ourense,90,Vilar de Santos,1016,492,524
32,Ourense,91,Vilardevós,2868,1439,1429
32,Ourense,92,Vilariño de Conso,815,447,368
32,Ourense,32,Xinzo de Limia,9836,4886,4950
32,Ourense,36,Xunqueira de Ambía,2095,1023,1072
32,Ourense,37,Xunqueira de Espadanedo,1099,522,577
33,Asturias,1,Allande,2454,1262,1192
33,Asturias,2,Aller,15100,7429,7671
33,Asturias,3,Amieva,883,469,414
33,Asturias,4,Avilés,83553,40139,43414
33,Asturias,5,Belmonte de Miranda,2265,1159,1106
33,Asturias,6,Bimenes,2134,1016,1118
33,Asturias,7,Boal,2452,1211,1241
33,Asturias,8,Cabrales,2382,1209,1173
33,Asturias,9,Cabranes,1225,602,623
33,Asturias,10,Candamo,2561,1233,1328
33,Asturias,12,Cangas de Onís,6322,3094,3228
33,Asturias,11,Cangas del Narcea,16865,8503,8362
33,Asturias,13,Caravia,594,303,291
33,Asturias,14,Carreño,10567,5152,5415
33,Asturias,15,Caso,1970,1056,914
33,Asturias,16,Castrillón,22524,10918,11606
33,Asturias,17,Castropol,4303,2027,2276
33,Asturias,18,Coaña,3635,1770,1865
33,Asturias,19,Colunga,4283,2099,2184
33,Asturias,20,Corvera de Asturias,16031,7842,8189
33,Asturias,21,Cudillero,6070,2970,3100
33,Asturias,22,Degaña,1480,780,700
33,Asturias,23,Franco (El),4132,2015,2117
33,Asturias,24,Gijón,269270,127985,141285
33,Asturias,25,Gozón,11123,5419,5704
33,Asturias,26,Grado,11585,5578,6007
33,Asturias,27,Grandas de Salime,1323,671,652
33,Asturias,28,Ibias,2152,1143,1009
33,Asturias,29,Illano,631,329,302
33,Asturias,30,Illas,1113,587,526
33,Asturias,31,Langreo,48400,23121,25279
33,Asturias,32,Laviana,14670,7132,7538
33,Asturias,33,Lena,13799,6692,7107
33,Asturias,35,Llanera,12183,6007,6176
33,Asturias,36,Llanes,13232,6388,6844
33,Asturias,37,Mieres,48926,23422,25504
33,Asturias,38,Morcín,3114,1528,1586
33,Asturias,39,Muros de Nalón,2263,1077,1186
33,Asturias,40,Nava,5586,2761,2825
33,Asturias,41,Navia,9098,4384,4714
33,Asturias,42,Noreña,4349,2086,2263
33,Asturias,43,Onís,895,450,445
33,Asturias,44,Oviedo,201005,93583,107422
33,Asturias,45,Parres,5555,2719,2836
33,Asturias,46,Peñamellera Alta,718,356,362
33,Asturias,47,Peñamellera Baja,1579,782,797
33,Asturias,48,Pesoz,256,129,127
33,Asturias,49,Piloña,8799,4271,4528
33,Asturias,50,Ponga,759,452,307
33,Asturias,51,Pravia,9290,4473,4817
33,Asturias,52,Proaza,903,473,430
33,Asturias,53,Quirós,1611,843,768
33,Asturias,54,Regueras (Las),2155,1063,1092
33,Asturias,55,Ribadedeva,1846,905,941
33,Asturias,56,Ribadesella,6241,2958,3283
33,Asturias,57,Ribera de Arriba,1984,986,998
33,Asturias,58,Riosa,2551,1304,1247
33,Asturias,59,Salas,6812,3328,3484
33,Asturias,61,San Martín de Oscos,519,263,256
33,Asturias,60,San Martín del Rey Aurelio,20499,9870,10629
33,Asturias,63,San Tirso de Abres,636,304,332
33,Asturias,62,Santa Eulalia de Oscos,565,284,281
33,Asturias,64,Santo Adriano,323,162,161
33,Asturias,65,Sariego,1369,674,695
33,Asturias,66,Siero,48368,23380,24988
33,Asturias,67,Sobrescobio,808,422,386
33,Asturias,68,Somiedo,1616,861,755
33,Asturias,69,Soto del Barco,4249,2030,2219
33,Asturias,70,Tapia de Casariego,4343,2075,2268
33,Asturias,71,Taramundi,893,433,460
33,Asturias,72,Teverga,2230,1167,1063
33,Asturias,73,Tineo,12797,6465,6332
33,Asturias,34,Valdés,15060,7346,7714
33,Asturias,74,Vegadeo,4704,2243,2461
33,Asturias,75,Villanueva de Oscos,423,216,207
33,Asturias,76,Villaviciosa,14211,6964,7247
33,Asturias,77,Villayón,1940,988,952
33,Asturias,78,Yernes y Tameza,215,107,108
34,Palencia,1,Abarca de Campos,49,26,23
34,Palencia,3,Abia de las Torres,204,103,101
34,Palencia,4,Aguilar de Campoo,7589,3713,3876
34,Palencia,5,Alar del Rey,1284,606,678
34,Palencia,6,Alba de Cerrato,100,50,50
34,Palencia,9,Amayuelas de Arriba,42,26,16
34,Palencia,10,Ampudia,700,365,335
34,Palencia,11,Amusco,563,306,257
34,Palencia,12,Antigüedad,416,218,198
34,Palencia,15,Arconada,66,34,32
34,Palencia,17,Astudillo,1275,660,615
34,Palencia,18,Autilla del Pino,245,128,117
34,Palencia,19,Autillo de Campos,190,86,104
34,Palencia,20,Ayuela,85,51,34
34,Palencia,22,Baltanás,1538,790,748
34,Palencia,24,Baquerín de Campos,30,18,12
34,Palencia,25,Bárcena de Campos,63,28,35
34,Palencia,27,Barruelo de Santullán,1749,816,933
34,Palencia,28,Báscones de Ojeda,205,104,101
34,Palencia,29,Becerril de Campos,1072,527,545
34,Palencia,31,Belmonte de Campos,41,18,23
34,Palencia,32,Berzosilla,71,32,39
34,Palencia,33,Boada de Campos,22,13,9
34,Palencia,35,Boadilla de Rioseco,183,92,91
34,Palencia,34,Boadilla del Camino,187,98,89
34,Palencia,36,Brañosera,287,148,139
34,Palencia,37,Buenavista de Valdavia,427,218,209
34,Palencia,38,Bustillo de la Vega,370,197,173
34,Palencia,39,Bustillo del Páramo de Carrión,91,51,40
34,Palencia,41,Calahorra de Boedo,133,67,66
34,Palencia,42,Calzada de los Molinos,383,209,174
34,Palencia,45,Capillas,109,53,56
34,Palencia,46,Cardeñosa de Volpejera,56,31,25
34,Palencia,47,Carrión de los Condes,2425,1136,1289
34,Palencia,48,Castil de Vela,106,51,55
34,Palencia,49,Castrejón de la Peña,613,319,294
34,Palencia,50,Castrillo de Don Juan,333,179,154
34,Palencia,51,Castrillo de Onielo,173,81,92
34,Palencia,52,Castrillo de Villavega,280,139,141
34,Palencia,53,Castromocho,255,133,122
34,Palencia,55,Cervatos de la Cueza,386,201,185
34,Palencia,56,Cervera de Pisuerga,2684,1349,1335
34,Palencia,57,Cevico de la Torre,664,324,340
34,Palencia,58,Cevico Navero,263,134,129
34,Palencia,59,Cisneros,586,280,306
34,Palencia,60,Cobos de Cerrato,238,120,118
34,Palencia,61,Collazos de Boedo,153,84,69
34,Palencia,62,Congosto de Valdavia,274,160,114
34,Palencia,63,Cordovilla la Real,126,72,54
34,Palencia,66,Cubillas de Cerrato,81,41,40
34,Palencia,67,Dehesa de Montejo,217,121,96
34,Palencia,68,Dehesa de Romanos,44,27,17
34,Palencia,69,Dueñas,2956,1515,1441
34,Palencia,70,Espinosa de Cerrato,265,141,124
34,Palencia,71,Espinosa de Villagonzalo,252,126,126
34,Palencia,72,Frechilla,269,130,139
34,Palencia,73,Fresno del Río,202,99,103
34,Palencia,74,Frómista,955,478,477
34,Palencia,76,Fuentes de Nava,815,412,403
34,Palencia,77,Fuentes de Valdepero,240,135,105
34,Palencia,79,Grijota,880,450,430
34,Palencia,80,Guardo,8548,4301,4247
34,Palencia,81,Guaza de Campos,74,34,40
34,Palencia,82,Hérmedes de Cerrato,130,63,67
34,Palencia,83,Herrera de Pisuerga,2578,1278,1300
34,Palencia,84,Herrera de Valdecañas,200,99,101
34,Palencia,86,Hontoria de Cerrato,121,63,58
34,Palencia,87,Hornillos de Cerrato,121,61,60
34,Palencia,88,Husillos,228,125,103
34,Palencia,89,Itero de la Vega,237,120,117
34,Palencia,91,Lagartos,170,90,80
34,Palencia,92,Lantadilla,492,240,252
34,Palencia,94,Ledigos,104,53,51
34,Palencia,903,Loma de Ucieza,315,171,144
34,Palencia,96,Lomas,57,24,33
34,Palencia,98,Magaz de Pisuerga,721,368,353
34,Palencia,99,Manquillos,71,38,33
34,Palencia,100,Mantinos,189,98,91
34,Palencia,101,Marcilla de Campos,69,29,40
34,Palencia,102,Mazariegos,285,153,132
34,Palencia,103,Mazuecos de Valdeginate,133,68,65
34,Palencia,104,Melgar de Yuso,378,208,170
34,Palencia,106,Meneses de Campos,158,81,77
34,Palencia,107,Micieces de Ojeda,106,58,48
34,Palencia,108,Monzón de Campos,739,387,352
34,Palencia,109,Moratinos,84,44,40
34,Palencia,110,Mudá,125,66,59
34,Palencia,112,Nogal de las Huertas,68,40,28
34,Palencia,113,Olea de Boedo,45,20,25
34,Palencia,114,Olmos de Ojeda,334,182,152
34,Palencia,116,Osornillo,97,54,43
34,Palencia,901,Osorno la Mayor,1690,904,786
34,Palencia,120,Palencia,80836,38480,42356
34,Palencia,121,Palenzuela,312,165,147
34,Palencia,122,Páramo de Boedo,108,54,54
34,Palencia,123,Paredes de Nava,2383,1178,1205
34,Palencia,124,Payo de Ojeda,96,57,39
34,Palencia,125,Pedraza de Campos,129,69,60
34,Palencia,126,Pedrosa de la Vega,383,203,180
34,Palencia,127,Perales,109,57,52
34,Palencia,904,Pernía (La),471,258,213
34,Palencia,129,Pino del Río,277,164,113
34,Palencia,130,Piña de Campos,288,152,136
34,Palencia,131,Población de Arroyo,93,50,43
34,Palencia,132,Población de Campos,192,106,86
34,Palencia,133,Población de Cerrato,127,67,60
34,Palencia,134,Polentinos,90,47,43
34,Palencia,135,Pomar de Valdivia,528,269,259
34,Palencia,136,Poza de la Vega,283,151,132
34,Palencia,137,Pozo de Urama,44,22,22
34,Palencia,139,Prádanos de Ojeda,242,129,113
34,Palencia,140,Puebla de Valdavia (La),156,76,80
34,Palencia,141,Quintana del Puente,248,127,121
34,Palencia,143,Quintanilla de Onsoña,232,129,103
34,Palencia,146,Reinoso de Cerrato,85,51,34
34,Palencia,147,Renedo de la Vega,262,148,114
34,Palencia,149,Requena de Campos,52,26,26
34,Palencia,151,Respenda de la Peña,258,136,122
34,Palencia,152,Revenga de Campos,178,89,89
34,Palencia,154,Revilla de Collazos,86,46,40
34,Palencia,155,Ribas de Campos,207,111,96
34,Palencia,156,Riberos de la Cueza,89,50,39
34,Palencia,157,Saldaña,3190,1617,1573
34,Palencia,158,Salinas de Pisuerga,272,147,125
34,Palencia,159,San Cebrián de Campos,534,310,224
34,Palencia,160,San Cebrián de Mudá,200,96,104
34,Palencia,161,San Cristóbal de Boedo,47,28,19
34,Palencia,163,San Mamés de Campos,103,45,58
34,Palencia,165,San Román de la Cuba,113,55,58
34,Palencia,167,Santa Cecilia del Alcor,162,89,73
34,Palencia,168,Santa Cruz de Boedo,63,34,29
34,Palencia,169,Santervás de la Vega,540,299,241
34,Palencia,170,Santibáñez de Ecla,100,46,54
34,Palencia,171,Santibáñez de la Peña,1500,749,751
34,Palencia,174,Santoyo,287,138,149
34,Palencia,175,Serna (La),125,74,51
34,Palencia,177,Soto de Cerrato,223,115,108
34,Palencia,176,Sotobañado y Priorato,183,96,87
34,Palencia,178,Tabanera de Cerrato,179,92,87
34,Palencia,179,Tabanera de Valdavia,54,21,33
34,Palencia,180,Támara de Campos,93,49,44
34,Palencia,181,Tariego de Cerrato,564,293,271
34,Palencia,182,Torquemada,1153,593,560
34,Palencia,184,Torremormojón,88,46,42
34,Palencia,185,Triollo,93,50,43
34,Palencia,186,Valbuena de Pisuerga,77,44,33
34,Palencia,189,Valdeolmillos,88,46,42
34,Palencia,190,Valderrábano,79,48,31
34,Palencia,192,Valde-Ucieza,122,69,53
34,Palencia,196,Valle de Cerrato,129,74,55
34,Palencia,902,Valle del Retortillo,214,101,113
34,Palencia,199,Velilla del Río Carrión,1767,904,863
34,Palencia,23,Venta de Baños,6058,2941,3117
34,Palencia,201,Vertavillo,226,123,103
34,Palencia,93,Vid de Ojeda (La),136,81,55
34,Palencia,202,Villabasta de Valdavia,40,18,22
34,Palencia,204,Villacidaler,76,36,40
34,Palencia,205,Villaconancio,88,50,38
34,Palencia,206,Villada,1272,629,643
34,Palencia,208,Villaeles de Valdavia,84,44,40
34,Palencia,210,Villahán,134,72,62
34,Palencia,211,Villaherreros,267,123,144
34,Palencia,213,Villalaco,79,34,45
34,Palencia,214,Villalba de Guardo,246,135,111
34,Palencia,215,Villalcázar de Sirga,236,113,123
34,Palencia,216,Villalcón,88,43,45
34,Palencia,217,Villalobón,406,209,197
34,Palencia,218,Villaluenga de la Vega,674,372,302
34,Palencia,220,Villamartín de Campos,157,81,76
34,Palencia,221,Villamediana,241,124,117
34,Palencia,222,Villameriel,158,89,69
34,Palencia,223,Villamoronta,327,175,152
34,Palencia,224,Villamuera de la Cueza,63,36,27
34,Palencia,225,Villamuriel de Cerrato,4886,2518,2368
34,Palencia,227,Villanueva del Rebollar,97,50,47
34,Palencia,228,Villanuño de Valdavia,125,68,57
34,Palencia,229,Villaprovedo,100,62,38
34,Palencia,230,Villarmentero de Campos,15,10,5
34,Palencia,231,Villarrabé,277,135,142
34,Palencia,232,Villarramiel,1084,551,533
34,Palencia,233,Villasarracino,263,141,122
34,Palencia,234,Villasila de Valdavia,104,57,47
34,Palencia,236,Villaturde,248,122,126
34,Palencia,237,Villaumbrales,872,453,419
34,Palencia,238,Villaviudas,465,221,244
34,Palencia,240,Villerías de Campos,129,70,59
34,Palencia,241,Villodre,45,27,18
34,Palencia,242,Villodrigo,121,62,59
34,Palencia,243,Villoldo,483,256,227
34,Palencia,245,Villota del Páramo,445,259,186
34,Palencia,246,Villovieco,117,60,57
35,Palmas (Las),1,Agaete,5613,2853,2760
35,Palmas (Las),2,Agüimes,21512,11050,10462
35,Palmas (Las),3,Antigua,5722,3226,2496
35,Palmas (Las),4,Arrecife,45549,23217,22332
35,Palmas (Las),5,Artenara,1490,771,719
35,Palmas (Las),6,Arucas,32542,16357,16185
35,Palmas (Las),7,Betancuria,670,343,327
35,Palmas (Las),8,Firgas,6889,3504,3385
35,Palmas (Las),9,Gáldar,22335,11208,11127
35,Palmas (Las),10,Haría,4285,2226,2059
35,Palmas (Las),11,Ingenio,25237,12824,12413
35,Palmas (Las),12,Mogán,14321,7554,6767
35,Palmas (Las),13,Moya,8594,4343,4251
35,Palmas (Las),14,Oliva (La),11376,6145,5231
35,Palmas (Las),15,Pájara,14629,8469,6160
35,Palmas (Las),16,Palmas de Gran Canaria (Las),364777,178582,186195
35,Palmas (Las),17,Puerto del Rosario,23068,12151,10917
35,Palmas (Las),18,San Bartolomé,14835,7674,7161
35,Palmas (Las),19,San Bartolomé de Tirajana,40825,21222,19603
35,Palmas (Las),20,San Nicolás de Tolentino,8055,4061,3994
35,Palmas (Las),21,Santa Brígida,18314,9143,9171
35,Palmas (Las),22,Santa Lucía de Tirajana,47161,24101,23060
35,Palmas (Las),23,Santa María de Guía de Gran Canaria,14174,7078,7096
35,Palmas (Las),24,Teguise,12905,6641,6264
35,Palmas (Las),25,Tejeda,2444,1249,1195
35,Palmas (Las),26,Telde,89493,45015,44478
35,Palmas (Las),27,Teror,12144,6139,6005
35,Palmas (Las),28,Tías,14442,7530,6912
35,Palmas (Las),29,Tinajo,4670,2453,2217
35,Palmas (Las),30,Tuineje,10560,5645,4915
35,Palmas (Las),32,Valleseco,4024,2076,1948
35,Palmas (Las),31,Valsequillo de Gran Canaria,8139,4189,3950
35,Palmas (Las),33,Vega de San Mateo,7406,3851,3555
35,Palmas (Las),34,Yaiza,6358,3644,2714
36,Pontevedra,20,Agolada,4292,2105,2187
36,Pontevedra,1,Arbo,4255,2082,2173
36,Pontevedra,3,Baiona,10873,5328,5545
36,Pontevedra,2,Barro,3470,1647,1823
36,Pontevedra,4,Bueu,12548,6159,6389
36,Pontevedra,5,Caldas de Reis,9453,4539,4914
36,Pontevedra,6,Cambados,13328,6485,6843
36,Pontevedra,7,Campo Lameiro,2290,1090,1200
36,Pontevedra,8,Cangas,23756,11760,11996
36,Pontevedra,9,Cañiza (A),7022,3342,3680
36,Pontevedra,10,Catoira,3537,1733,1804
36,Pontevedra,11,Cerdedo,2523,1110,1413
36,Pontevedra,12,Cotobade,4680,2140,2540
36,Pontevedra,13,Covelo,3968,1839,2129
36,Pontevedra,14,Crecente,2873,1318,1555
36,Pontevedra,15,Cuntis,5611,2590,3021
36,Pontevedra,16,Dozón,2164,1029,1135
36,Pontevedra,17,Estrada (A),22216,10421,11795
36,Pontevedra,18,Forcarei,4849,2286,2563
36,Pontevedra,19,Fornelos de Montes,2230,1019,1211
36,Pontevedra,21,Gondomar,11631,5714,5917
36,Pontevedra,22,Grove (O),11061,5479,5582
36,Pontevedra,23,Guarda (A),9936,4847,5089
36,Pontevedra,901,Illa de Arousa (A),4953,2458,2495
36,Pontevedra,24,Lalín,20266,9776,10490
36,Pontevedra,25,Lama (A),2831,1262,1569
36,Pontevedra,26,Marín,25487,12591,12896
36,Pontevedra,27,Meaño,5398,2573,2825
36,Pontevedra,28,Meis,4949,2296,2653
36,Pontevedra,29,Moaña,18026,8740,9286
36,Pontevedra,30,Mondariz,5480,2557,2923
36,Pontevedra,31,Mondariz-Balneario,659,320,339
36,Pontevedra,32,Moraña,4316,2065,2251
36,Pontevedra,33,Mos,13920,6795,7125
36,Pontevedra,34,Neves (As),4695,2237,2458
36,Pontevedra,35,Nigrán,16302,7985,8317
36,Pontevedra,36,Oia,2921,1455,1466
36,Pontevedra,37,Pazos de Borbén,3089,1418,1671
36,Pontevedra,41,Poio,14291,6936,7355
36,Pontevedra,43,Ponte Caldelas,6390,3029,3361
36,Pontevedra,42,Ponteareas,18844,9064,9780
36,Pontevedra,44,Pontecesures,2973,1468,1505
36,Pontevedra,38,Pontevedra,75864,35864,40000
36,Pontevedra,39,Porriño (O),16076,7768,8308
36,Pontevedra,40,Portas,3232,1521,1711
36,Pontevedra,45,Redondela,29090,14147,14943
36,Pontevedra,46,Ribadumia,4240,2067,2173
36,Pontevedra,47,Rodeiro,4309,2209,2100
36,Pontevedra,48,Rosal (O),5892,2850,3042
36,Pontevedra,49,Salceda de Caselas,6349,3126,3223
36,Pontevedra,50,Salvaterra de Miño,8320,3987,4333
36,Pontevedra,51,Sanxenxo,16203,7964,8239
36,Pontevedra,52,Silleda,9175,4405,4770
36,Pontevedra,53,Soutomaior,5398,2615,2783
36,Pontevedra,54,Tomiño,11111,5437,5674
36,Pontevedra,55,Tui,16089,7698,8391
36,Pontevedra,56,Valga,6275,3055,3220
36,Pontevedra,57,Vigo,287282,136537,150745
36,Pontevedra,59,Vila de Cruces,7108,3470,3638
36,Pontevedra,58,Vilaboa,5755,2837,2918
36,Pontevedra,60,Vilagarcía de Arousa,33823,16310,17513
36,Pontevedra,61,Vilanova de Arousa,10229,4934,5295
37,Salamanca,1,Abusejo,253,126,127
37,Salamanca,2,Agallas,195,101,94
37,Salamanca,3,Ahigal de los Aceiteros,201,101,100
37,Salamanca,4,Ahigal de Villarino,45,21,24
37,Salamanca,5,Alameda de Gardón (La),158,71,87
37,Salamanca,6,Alamedilla (La),221,111,110
37,Salamanca,7,Alaraz,668,335,333
37,Salamanca,8,Alba de Tormes,4852,2384,2468
37,Salamanca,9,Alba de Yeltes,272,133,139
37,Salamanca,10,Alberca (La),1132,587,545
37,Salamanca,11,Alberguería de Argañán (La),193,100,93
37,Salamanca,12,Alconada,224,113,111
37,Salamanca,15,Aldea del Obispo,397,211,186
37,Salamanca,13,Aldeacipreste,215,118,97
37,Salamanca,14,Aldeadávila de la Ribera,1664,842,822
37,Salamanca,16,Aldealengua,570,293,277
37,Salamanca,17,Aldeanueva de Figueroa,334,172,162
37,Salamanca,18,Aldeanueva de la Sierra,110,55,55
37,Salamanca,19,Aldearrodrigo,205,104,101
37,Salamanca,20,Aldearrubia,535,292,243
37,Salamanca,21,Aldeaseca de Alba,125,60,65
37,Salamanca,22,Aldeaseca de la Frontera,351,176,175
37,Salamanca,23,Aldeatejada,664,328,336
37,Salamanca,24,Aldeavieja de Tormes,140,72,68
37,Salamanca,25,Aldehuela de la Bóveda,351,171,180
37,Salamanca,26,Aldehuela de Yeltes,293,149,144
37,Salamanca,27,Almenara de Tormes,262,132,130
37,Salamanca,28,Almendra,208,103,105
37,Salamanca,29,Anaya de Alba,308,165,143
37,Salamanca,30,Añover de Tormes,111,62,49
37,Salamanca,31,Arabayona de Mógica,502,262,240
37,Salamanca,32,Arapiles,501,257,244
37,Salamanca,33,Arcediano,119,62,57
37,Salamanca,34,Arco (El),95,53,42
37,Salamanca,35,Armenteros,330,161,169
37,Salamanca,37,Atalaya (La),149,79,70
37,Salamanca,38,Babilafuente,968,510,458
37,Salamanca,39,Bañobárez,415,216,199
37,Salamanca,40,Barbadillo,552,269,283
37,Salamanca,41,Barbalos,108,56,52
37,Salamanca,42,Barceo,62,32,30
37,Salamanca,44,Barruecopardo,589,298,291
37,Salamanca,45,Bastida (La),38,22,16
37,Salamanca,46,Béjar,15575,7367,8208
37,Salamanca,47,Beleña,156,82,74
37,Salamanca,49,Bermellar,219,108,111
37,Salamanca,50,Berrocal de Huebra,119,59,60
37,Salamanca,51,Berrocal de Salvatierra,129,65,64
37,Salamanca,52,Boada,419,212,207
37,Salamanca,54,Bodón (El),339,174,165
37,Salamanca,55,Bogajo,201,105,96
37,Salamanca,56,Bouza (La),68,34,34
37,Salamanca,57,Bóveda del Río Almar,312,168,144
37,Salamanca,58,Brincones,105,54,51
37,Salamanca,59,Buenamadre,184,98,86
37,Salamanca,60,Buenavista,111,57,54
37,Salamanca,61,Cabaco (El),278,142,136
37,Salamanca,63,Cabeza de Béjar (La),108,54,54
37,Salamanca,65,Cabeza del Caballo,471,247,224
37,Salamanca,62,Cabezabellosa de la Calzada,130,72,58
37,Salamanca,67,Cabrerizos,2322,1151,1171
37,Salamanca,68,Cabrillas,542,262,280
37,Salamanca,69,Calvarrasa de Abajo,985,490,495
37,Salamanca,70,Calvarrasa de Arriba,685,351,334
37,Salamanca,71,Calzada de Béjar (La),98,51,47
37,Salamanca,72,Calzada de Don Diego,248,125,123
37,Salamanca,73,Calzada de Valdunciel,657,328,329
37,Salamanca,74,Campillo de Azaba,260,128,132
37,Salamanca,77,Campo de Peñaranda (El),383,197,186
37,Salamanca,78,Candelario,1072,522,550
37,Salamanca,79,Canillas de Abajo,114,67,47
37,Salamanca,80,Cantagallo,289,143,146
37,Salamanca,81,Cantalapiedra,1299,640,659
37,Salamanca,82,Cantalpino,1155,628,527
37,Salamanca,83,Cantaracillo,267,140,127
37,Salamanca,85,Carbajosa de la Sagrada,1980,999,981
37,Salamanca,86,Carpio de Azaba,110,60,50
37,Salamanca,87,Carrascal de Barregas,511,262,249
37,Salamanca,88,Carrascal del Obispo,252,122,130
37,Salamanca,89,Casafranca,81,36,45
37,Salamanca,90,Casas del Conde (Las),84,40,44
37,Salamanca,91,Casillas de Flores,252,118,134
37,Salamanca,92,Castellanos de Moriscos,413,193,220
37,Salamanca,185,Castellanos de Villiquera,585,307,278
37,Salamanca,96,Castillejo de Martín Viejo,331,171,160
37,Salamanca,97,Castraz,56,32,24
37,Salamanca,98,Cepeda,522,253,269
37,Salamanca,99,Cereceda de la Sierra,101,51,50
37,Salamanca,100,Cerezal de Peñahorcada,127,70,57
37,Salamanca,101,Cerralbo,254,129,125
37,Salamanca,102,Cerro (El),546,291,255
37,Salamanca,103,Cespedosa de Tormes,658,343,315
37,Salamanca,114,Chagarcía Medianero,142,76,66
37,Salamanca,104,Cilleros de la Bastida,40,20,20
37,Salamanca,106,Cipérez,428,216,212
37,Salamanca,107,Ciudad Rodrigo,14506,6967,7539
37,Salamanca,108,Coca de Alba,156,70,86
37,Salamanca,109,Colmenar de Montemayor,266,149,117
37,Salamanca,110,Cordovilla,141,81,60
37,Salamanca,112,Cristóbal,267,136,131
37,Salamanca,113,Cubo de Don Sancho (El),585,305,280
37,Salamanca,115,Dios le Guarde,171,94,77
37,Salamanca,116,Doñinos de Ledesma,109,57,52
37,Salamanca,117,Doñinos de Salamanca,742,390,352
37,Salamanca,118,Ejeme,192,103,89
37,Salamanca,119,Encina (La),196,108,88
37,Salamanca,120,Encina de San Silvestre,125,62,63
37,Salamanca,121,Encinas de Abajo,660,347,313
37,Salamanca,122,Encinas de Arriba,286,139,147
37,Salamanca,123,Encinasola de los Comendadores,295,149,146
37,Salamanca,124,Endrinal,300,167,133
37,Salamanca,125,Escurial de la Sierra,292,149,143
37,Salamanca,126,Espadaña,45,27,18
37,Salamanca,127,Espeja,287,150,137
37,Salamanca,128,Espino de la Orbada,341,171,170
37,Salamanca,129,Florida de Liébana,254,136,118
37,Salamanca,130,Forfoleda,259,133,126
37,Salamanca,131,Frades de la Sierra,271,141,130
37,Salamanca,132,Fregeneda (La),543,260,283
37,Salamanca,133,Fresnedoso,127,61,66
37,Salamanca,134,Fresno Alhándiga,307,161,146
37,Salamanca,135,Fuente de San Esteban (La),1528,774,754
37,Salamanca,136,Fuenteguinaldo,913,465,448
37,Salamanca,137,Fuenteliante,150,71,79
37,Salamanca,138,Fuenterroble de Salvatierra,275,138,137
37,Salamanca,139,Fuentes de Béjar,275,123,152
37,Salamanca,140,Fuentes de Oñoro,1387,671,716
37,Salamanca,141,Gajates,228,113,115
37,Salamanca,142,Galindo y Perahuy,395,212,183
37,Salamanca,143,Galinduste,571,280,291
37,Salamanca,144,Galisancho,544,306,238
37,Salamanca,145,Gallegos de Argañán,404,212,192
37,Salamanca,146,Gallegos de Solmirón,193,90,103
37,Salamanca,147,Garcibuey,282,159,123
37,Salamanca,148,Garcihernández,611,314,297
37,Salamanca,149,Garcirrey,105,53,52
37,Salamanca,150,Gejuelo del Barro,53,29,24
37,Salamanca,151,Golpejas,202,98,104
37,Salamanca,152,Gomecello,521,268,253
37,Salamanca,154,Guadramiro,216,126,90
37,Salamanca,155,Guijo de Ávila,109,61,48
37,Salamanca,156,Guijuelo,5146,2574,2572
37,Salamanca,157,Herguijuela de Ciudad Rodrigo,133,72,61
37,Salamanca,158,Herguijuela de la Sierra,317,156,161
37,Salamanca,159,Herguijuela del Campo,126,57,69
37,Salamanca,160,Hinojosa de Duero,827,410,417
37,Salamanca,161,Horcajo de Montemayor,209,107,102
37,Salamanca,162,Horcajo Medianero,351,171,180
37,Salamanca,163,Hoya (La),27,21,6
37,Salamanca,164,Huerta,293,158,135
37,Salamanca,165,Iruelos,63,25,38
37,Salamanca,166,Ituero de Azaba,288,153,135
37,Salamanca,167,Juzbado,191,101,90
37,Salamanca,168,Lagunilla,626,333,293
37,Salamanca,169,Larrodrigo,300,154,146
37,Salamanca,170,Ledesma,1913,941,972
37,Salamanca,171,Ledrada,595,301,294
37,Salamanca,172,Linares de Riofrío,1032,518,514
37,Salamanca,173,Lumbrales,2152,1076,1076
37,Salamanca,175,Machacón,533,271,262
37,Salamanca,174,Macotera,1681,850,831
37,Salamanca,176,Madroñal,176,96,80
37,Salamanca,177,Maíllo (El),429,219,210
37,Salamanca,178,Malpartida,151,84,67
37,Salamanca,179,Mancera de Abajo,358,183,175
37,Salamanca,180,Manzano (El),91,48,43
37,Salamanca,181,Martiago,375,196,179
37,Salamanca,183,Martín de Yeltes,554,286,268
37,Salamanca,182,Martinamor,79,41,38
37,Salamanca,184,Masueco,463,235,228
37,Salamanca,186,Mata de Ledesma (La),148,73,75
37,Salamanca,187,Matilla de los Caños del Río,705,360,345
37,Salamanca,188,Maya (La),260,140,120
37,Salamanca,189,Membribe de la Sierra,84,46,38
37,Salamanca,190,Mieza,357,179,178
37,Salamanca,191,Milano (El),173,93,80
37,Salamanca,192,Miranda de Azán,364,176,188
37,Salamanca,193,Miranda del Castañar,651,347,304
37,Salamanca,194,Mogarraz,362,171,191
37,Salamanca,195,Molinillo,81,39,42
37,Salamanca,196,Monforte de la Sierra,118,70,48
37,Salamanca,197,Monleón,131,72,59
37,Salamanca,198,Monleras,282,142,140
37,Salamanca,199,Monsagro,229,131,98
37,Salamanca,200,Montejo,236,128,108
37,Salamanca,201,Montemayor del Río,359,192,167
37,Salamanca,202,Monterrubio de Armuña,596,308,288
37,Salamanca,203,Monterrubio de la Sierra,167,89,78
37,Salamanca,204,Morasverdes,435,222,213
37,Salamanca,205,Morille,179,96,83
37,Salamanca,206,Moríñigo,132,70,62
37,Salamanca,207,Moriscos,127,62,65
37,Salamanca,208,Moronta,129,70,59
37,Salamanca,209,Mozárbez,428,224,204
37,Salamanca,211,Narros de Matalayegua,289,153,136
37,Salamanca,213,Nava de Béjar,119,60,59
37,Salamanca,214,Nava de Francia,176,88,88
37,Salamanca,215,Nava de Sotrobal,216,113,103
37,Salamanca,212,Navacarros,134,75,59
37,Salamanca,216,Navales,384,220,164
37,Salamanca,217,Navalmoral de Béjar,68,34,34
37,Salamanca,218,Navamorales,169,91,78
37,Salamanca,219,Navarredonda de la Rinconada,276,137,139
37,Salamanca,221,Navasfrías,699,350,349
37,Salamanca,222,Negrilla de Palencia,122,57,65
37,Salamanca,223,Olmedo de Camaces,168,81,87
37,Salamanca,224,Orbada (La),284,149,135
37,Salamanca,225,Pajares de la Laguna,144,71,73
37,Salamanca,226,Palacios del Arzobispo,225,116,109
37,Salamanca,228,Palaciosrubios,536,287,249
37,Salamanca,229,Palencia de Negrilla,192,97,95
37,Salamanca,230,Parada de Arriba,247,136,111
37,Salamanca,231,Parada de Rubiales,339,182,157
37,Salamanca,232,Paradinas de San Juan,640,342,298
37,Salamanca,233,Pastores,55,28,27
37,Salamanca,234,Payo (El),491,239,252
37,Salamanca,235,Pedraza de Alba,290,152,138
37,Salamanca,236,Pedrosillo de Alba,244,120,124
37,Salamanca,237,Pedrosillo de los Aires,452,251,201
37,Salamanca,238,Pedrosillo el Ralo,148,72,76
37,Salamanca,239,Pedroso de la Armuña (El),310,150,160
37,Salamanca,240,Pelabravo,817,422,395
37,Salamanca,241,Pelarrodríguez,206,117,89
37,Salamanca,242,Pelayos,74,37,37
37,Salamanca,243,Peña (La),156,72,84
37,Salamanca,244,Peñacaballera,218,102,116
37,Salamanca,245,Peñaparda,470,242,228
37,Salamanca,246,Peñaranda de Bracamonte,6217,3041,3176
37,Salamanca,247,Peñarandilla,276,133,143
37,Salamanca,248,Peralejos de Abajo,194,96,98
37,Salamanca,249,Peralejos de Arriba,67,37,30
37,Salamanca,250,Pereña de la Ribera,544,273,271
37,Salamanca,251,Peromingo,158,73,85
37,Salamanca,252,Pinedas,184,94,90
37,Salamanca,253,Pino de Tormes (El),182,91,91
37,Salamanca,254,Pitiegua,264,135,129
37,Salamanca,255,Pizarral,85,43,42
37,Salamanca,256,Poveda de las Cintas,335,182,153
37,Salamanca,257,Pozos de Hinojo,86,45,41
37,Salamanca,258,Puebla de Azaba,280,150,130
37,Salamanca,259,Puebla de San Medel,64,33,31
37,Salamanca,260,Puebla de Yeltes,241,130,111
37,Salamanca,261,Puente del Congosto,331,162,169
37,Salamanca,262,Puertas,106,57,49
37,Salamanca,263,Puerto de Béjar,478,226,252
37,Salamanca,264,Puerto Seguro,105,55,50
37,Salamanca,265,Rágama,308,160,148
37,Salamanca,266,Redonda (La),110,54,56
37,Salamanca,267,Retortillo,267,124,143
37,Salamanca,268,Rinconada de la Sierra (La),176,93,83
37,Salamanca,269,Robleda,597,315,282
37,Salamanca,270,Robliza de Cojos,208,107,101
37,Salamanca,271,Rollán,588,297,291
37,Salamanca,272,Saelices el Chico,175,92,83
37,Salamanca,273,Sagrada (La),183,94,89
37,Salamanca,303,Sahugo (El),266,138,128
37,Salamanca,274,Salamanca,158523,74183,84340
37,Salamanca,275,Saldeana,171,95,76
37,Salamanca,276,Salmoral,304,157,147
37,Salamanca,277,Salvatierra de Tormes,64,30,34
37,Salamanca,278,San Cristóbal de la Cuesta,390,210,180
37,Salamanca,284,San Esteban de la Sierra,455,231,224
37,Salamanca,285,San Felices de los Gallegos,629,317,312
37,Salamanca,286,San Martín del Castañar,286,150,136
37,Salamanca,287,San Miguel de Valero,431,227,204
37,Salamanca,36,San Miguel del Robledo,105,47,58
37,Salamanca,288,San Morales,232,128,104
37,Salamanca,289,San Muñoz,351,177,174
37,Salamanca,291,San Pedro de Rozados,360,179,181
37,Salamanca,290,San Pedro del Valle,133,67,66
37,Salamanca,292,San Pelayo de Guareña,103,52,51
37,Salamanca,280,Sanchón de la Ribera,120,62,58
37,Salamanca,281,Sanchón de la Sagrada,53,30,23
37,Salamanca,282,Sanchotello,309,158,151
37,Salamanca,279,Sancti-Spíritus,1156,601,555
37,Salamanca,283,Sando,166,89,77
37,Salamanca,293,Santa María de Sando,178,93,85
37,Salamanca,294,Santa Marta de Tormes,11195,5603,5592
37,Salamanca,296,Santiago de la Puebla,534,274,260
37,Salamanca,297,Santibáñez de Béjar,646,330,316
37,Salamanca,298,Santibáñez de la Sierra,257,140,117
37,Salamanca,299,Santiz,293,146,147
37,Salamanca,300,Santos (Los),700,358,342
37,Salamanca,301,Sardón de los Frailes,108,56,52
37,Salamanca,302,Saucelle,411,197,214
37,Salamanca,304,Sepulcro-Hilario,286,146,140
37,Salamanca,305,Sequeros,263,121,142
37,Salamanca,306,Serradilla del Arroyo,440,227,213
37,Salamanca,307,Serradilla del Llano,249,127,122
37,Salamanca,309,Sierpe (La),50,31,19
37,Salamanca,310,Sieteiglesias de Tormes,183,90,93
37,Salamanca,311,Sobradillo,368,174,194
37,Salamanca,312,Sorihuela,376,184,192
37,Salamanca,313,Sotoserrano,718,375,343
37,Salamanca,314,Tabera de Abajo,110,59,51
37,Salamanca,315,Tala (La),143,79,64
37,Salamanca,316,Tamames,1000,506,494
37,Salamanca,317,Tarazona de Guareña,426,228,198
37,Salamanca,318,Tardáguila,255,137,118
37,Salamanca,319,Tejado (El),174,86,88
37,Salamanca,320,Tejeda y Segoyuela,112,58,54
37,Salamanca,321,Tenebrón,233,122,111
37,Salamanca,322,Terradillos,3046,1567,1479
37,Salamanca,323,Topas,725,370,355
37,Salamanca,324,Tordillos,561,291,270
37,Salamanca,325,Tornadizo (El),147,78,69
37,Salamanca,327,Torresmenudas,219,107,112
37,Salamanca,328,Trabanca,253,131,122
37,Salamanca,329,Tremedal de Tormes,38,19,19
37,Salamanca,330,Valdecarros,442,225,217
37,Salamanca,331,Valdefuentes de Sangusín,325,164,161
37,Salamanca,332,Valdehijaderos,112,62,50
37,Salamanca,333,Valdelacasa,338,186,152
37,Salamanca,334,Valdelageve,132,71,61
37,Salamanca,335,Valdelosa,517,248,269
37,Salamanca,336,Valdemierque,71,36,35
37,Salamanca,337,Valderrodrigo,191,90,101
37,Salamanca,338,Valdunciel,112,57,55
37,Salamanca,339,Valero,445,217,228
37,Salamanca,343,Vallejera de Riofrío,56,31,25
37,Salamanca,340,Valsalabroso,227,122,105
37,Salamanca,341,Valverde de Valdelacasa,76,38,38
37,Salamanca,342,Valverdón,289,150,139
37,Salamanca,344,Vecinos,312,153,159
37,Salamanca,345,Vega de Tirados,212,107,105
37,Salamanca,346,Veguillas (Las),298,150,148
37,Salamanca,347,Vellés (La),427,217,210
37,Salamanca,348,Ventosa del Río Almar,158,74,84
37,Salamanca,349,Vídola (La),175,87,88
37,Salamanca,351,Villaflores,436,222,214
37,Salamanca,352,Villagonzalo de Tormes,230,117,113
37,Salamanca,353,Villalba de los Llanos,189,105,84
37,Salamanca,354,Villamayor,3203,1671,1532
37,Salamanca,355,Villanueva del Conde,260,133,127
37,Salamanca,356,Villar de Argañán,118,59,59
37,Salamanca,357,Villar de Ciervo,398,206,192
37,Salamanca,358,Villar de Gallimazo,211,99,112
37,Salamanca,359,Villar de la Yegua,297,139,158
37,Salamanca,360,Villar de Peralonso,344,160,184
37,Salamanca,361,Villar de Samaniego,120,64,56
37,Salamanca,362,Villares de la Reina,3051,1557,1494
37,Salamanca,363,Villares de Yeltes,166,79,87
37,Salamanca,364,Villarino de los Aires,1154,585,569
37,Salamanca,365,Villarmayor,222,118,104
37,Salamanca,366,Villarmuerto,63,37,26
37,Salamanca,367,Villasbuenas,311,163,148
37,Salamanca,368,Villasdardo,20,8,12
37,Salamanca,369,Villaseco de los Gamitos,212,106,106
37,Salamanca,370,Villaseco de los Reyes,447,233,214
37,Salamanca,371,Villasrubias,349,190,159
37,Salamanca,372,Villaverde de Guareña,201,100,101
37,Salamanca,373,Villavieja de Yeltes,1113,553,560
37,Salamanca,374,Villoria,1409,711,698
37,Salamanca,375,Villoruela,1004,497,507
37,Salamanca,350,Vilvestre,605,296,309
37,Salamanca,376,Vitigudino,3106,1533,1573
37,Salamanca,377,Yecla de Yeltes,351,177,174
37,Salamanca,378,Zamarra,146,78,68
37,Salamanca,379,Zamayón,204,115,89
37,Salamanca,380,Zarapicos,66,36,30
37,Salamanca,381,Zarza de Pumareda (La),188,104,84
37,Salamanca,382,Zorita de la Frontera,274,147,127
38,Santa Cruz de Tenerife,1,Adeje,21862,11359,10503
38,Santa Cruz de Tenerife,2,Agulo,1159,569,590
38,Santa Cruz de Tenerife,3,Alajeró,1406,759,647
38,Santa Cruz de Tenerife,4,Arafo,5012,2417,2595
38,Santa Cruz de Tenerife,5,Arico,6234,3200,3034
38,Santa Cruz de Tenerife,6,Arona,43259,22220,21039
38,Santa Cruz de Tenerife,7,Barlovento,2401,1217,1184
38,Santa Cruz de Tenerife,8,Breña Alta,6091,3015,3076
38,Santa Cruz de Tenerife,9,Breña Baja,4119,2076,2043
38,Santa Cruz de Tenerife,10,Buenavista del Norte,5322,2711,2611
38,Santa Cruz de Tenerife,11,Candelaria,13595,6769,6826
38,Santa Cruz de Tenerife,12,Fasnia,2606,1329,1277
38,Santa Cruz de Tenerife,13,Frontera,5091,2585,2506
38,Santa Cruz de Tenerife,14,Fuencaliente de la Palma,1794,915,879
38,Santa Cruz de Tenerife,15,Garachico,5853,2908,2945
38,Santa Cruz de Tenerife,16,Garafía,2012,1034,978
38,Santa Cruz de Tenerife,17,Granadilla de Abona,21078,10709,10369
38,Santa Cruz de Tenerife,18,Guancha (La),5257,2598,2659
38,Santa Cruz de Tenerife,19,Guía de Isora,15418,7731,7687
38,Santa Cruz de Tenerife,20,Güímar,15101,7443,7658
38,Santa Cruz de Tenerife,21,Hermigua,2120,1082,1038
38,Santa Cruz de Tenerife,22,Icod de los Vinos,22031,10886,11145
38,Santa Cruz de Tenerife,24,Llanos de Aridane (Los),19536,9629,9907
38,Santa Cruz de Tenerife,25,Matanza de Acentejo (La),7224,3659,3565
38,Santa Cruz de Tenerife,26,Orotava (La),38670,19138,19532
38,Santa Cruz de Tenerife,27,Paso (El),7358,3739,3619
38,Santa Cruz de Tenerife,28,Puerto de la Cruz,29854,14441,15413
38,Santa Cruz de Tenerife,29,Puntagorda,1802,898,904
38,Santa Cruz de Tenerife,30,Puntallana,2258,1112,1146
38,Santa Cruz de Tenerife,31,Realejos (Los),35031,17366,17665
38,Santa Cruz de Tenerife,32,Rosario (El),13264,6736,6528
38,Santa Cruz de Tenerife,33,San Andrés y Sauces,5263,2679,2584
38,Santa Cruz de Tenerife,23,San Cristóbal de La Laguna,133340,65569,67771
38,Santa Cruz de Tenerife,34,San Juan de la Rambla,4702,2349,2353
38,Santa Cruz de Tenerife,35,San Miguel de Abona,8355,4248,4107
38,Santa Cruz de Tenerife,36,San Sebastián de la Gomera,7437,3781,3656
38,Santa Cruz de Tenerife,37,Santa Cruz de la Palma,18206,8888,9318
38,Santa Cruz de Tenerife,38,Santa Cruz de Tenerife,214153,103223,110930
38,Santa Cruz de Tenerife,39,Santa Úrsula,10907,5498,5409
38,Santa Cruz de Tenerife,40,Santiago del Teide,9445,4813,4632
38,Santa Cruz de Tenerife,41,Sauzal (El),7561,3783,3778
38,Santa Cruz de Tenerife,42,Silos (Los),5332,2632,2700
38,Santa Cruz de Tenerife,43,Tacoronte,21122,10606,10516
38,Santa Cruz de Tenerife,44,Tanque (El),3049,1519,1530
38,Santa Cruz de Tenerife,45,Tazacorte,6117,3106,3011
38,Santa Cruz de Tenerife,46,Tegueste,9664,4802,4862
38,Santa Cruz de Tenerife,47,Tijarafe,2741,1395,1346
38,Santa Cruz de Tenerife,49,Valle Gran Rey,4093,2072,2021
38,Santa Cruz de Tenerife,50,Vallehermoso,2775,1400,1375
38,Santa Cruz de Tenerife,48,Valverde,4332,2193,2139
38,Santa Cruz de Tenerife,51,Victoria de Acentejo (La),8068,4011,4057
38,Santa Cruz de Tenerife,52,Vilaflor,1707,861,846
38,Santa Cruz de Tenerife,53,Villa de Mazo,4621,2337,2284
39,Cantabria,1,Alfoz de Lloredo,2590,1320,1270
39,Cantabria,2,Ampuero,3517,1790,1727
39,Cantabria,3,Anievas,375,189,186
39,Cantabria,4,Arenas de Iguña,2014,1012,1002
39,Cantabria,5,Argoños,945,490,455
39,Cantabria,6,Arnuero,1796,918,878
39,Cantabria,7,Arredondo,620,345,275
39,Cantabria,8,Astillero (El),13798,6664,7134
39,Cantabria,9,Bárcena de Cicero,2411,1222,1189
39,Cantabria,10,Bárcena de Pie de Concha,902,443,459
39,Cantabria,11,Bareyo,1730,892,838
39,Cantabria,12,Cabezón de la Sal,7443,3675,3768
39,Cantabria,13,Cabezón de Liébana,718,395,323
39,Cantabria,14,Cabuérniga,1110,569,541
39,Cantabria,15,Camaleño,1096,576,520
39,Cantabria,16,Camargo,23308,11390,11918
39,Cantabria,27,Campoo de Enmedio,4002,2043,1959
39,Cantabria,17,Campoo de Yuso,770,387,383
39,Cantabria,18,Cartes,3590,1822,1768
39,Cantabria,19,Castañeda,1559,769,790
39,Cantabria,20,Castro-Urdiales,20981,10487,10494
39,Cantabria,21,Cieza,692,335,357
39,Cantabria,22,Cillorigo de Liébana,1085,573,512
39,Cantabria,23,Colindres,6786,3409,3377
39,Cantabria,24,Comillas,2336,1122,1214
39,Cantabria,25,Corrales de Buelna (Los),10847,5452,5395
39,Cantabria,26,Corvera de Toranzo,2017,1008,1009
39,Cantabria,28,Entrambasaguas,2455,1226,1229
39,Cantabria,29,Escalante,744,389,355
39,Cantabria,30,Guriezo,1765,924,841
39,Cantabria,31,Hazas de Cesto,1248,640,608
39,Cantabria,32,Hermandad de Campoo de Suso,1893,1024,869
39,Cantabria,33,Herrerías,773,428,345
39,Cantabria,34,Lamasón,379,215,164
39,Cantabria,35,Laredo,12584,6054,6530
39,Cantabria,36,Liendo,891,468,423
39,Cantabria,37,Liérganes,2266,1124,1142
39,Cantabria,38,Limpias,1330,663,667
39,Cantabria,39,Luena,941,496,445
39,Cantabria,40,Marina de Cudeyo,4982,2508,2474
39,Cantabria,41,Mazcuerras,1871,993,878
39,Cantabria,42,Medio Cudeyo,6214,3046,3168
39,Cantabria,43,Meruelo,1125,569,556
39,Cantabria,44,Miengo,3682,1843,1839
39,Cantabria,45,Miera,516,258,258
39,Cantabria,46,Molledo,1914,917,997
39,Cantabria,47,Noja,2073,1031,1042
39,Cantabria,48,Penagos,1702,842,860
39,Cantabria,49,Peñarrubia,297,152,145
39,Cantabria,50,Pesaguero,394,214,180
39,Cantabria,51,Pesquera,94,48,46
39,Cantabria,52,Piélagos,12517,6249,6268
39,Cantabria,53,Polaciones,288,177,111
39,Cantabria,54,Polanco,3622,1749,1873
39,Cantabria,55,Potes,1580,768,812
39,Cantabria,56,Puente Viesgo,2333,1169,1164
39,Cantabria,57,Ramales de la Victoria,2242,1165,1077
39,Cantabria,58,Rasines,946,487,459
39,Cantabria,59,Reinosa,10862,5233,5629
39,Cantabria,60,Reocín,6938,3458,3480
39,Cantabria,61,Ribamontán al Mar,3716,1902,1814
39,Cantabria,62,Ribamontán al Monte,1976,1019,957
39,Cantabria,63,Rionansa,1393,780,613
39,Cantabria,64,Riotuerto,1522,738,784
39,Cantabria,65,Rozas de Valdearroyo (Las),317,181,136
39,Cantabria,66,Ruente,969,516,453
39,Cantabria,67,Ruesga,1213,627,586
39,Cantabria,68,Ruiloba,731,367,364
39,Cantabria,69,San Felices de Buelna,2207,1080,1127
39,Cantabria,70,San Miguel de Aguayo,151,79,72
39,Cantabria,71,San Pedro del Romeral,626,323,303
39,Cantabria,72,San Roque de Riomiera,499,286,213
39,Cantabria,80,San Vicente de la Barquera,4440,2260,2180
39,Cantabria,73,Santa Cruz de Bezana,8269,4077,4192
39,Cantabria,74,Santa María de Cayón,6434,3227,3207
39,Cantabria,75,Santander,185231,86719,98512
39,Cantabria,76,Santillana del Mar,3926,1919,2007
39,Cantabria,77,Santiurde de Reinosa,319,176,143
39,Cantabria,78,Santiurde de Toranzo,1615,816,799
39,Cantabria,79,Santoña,11567,5818,5749
39,Cantabria,81,Saro,525,266,259
39,Cantabria,82,Selaya,1995,1021,974
39,Cantabria,83,Soba,1637,858,779
39,Cantabria,84,Solórzano,987,509,478
39,Cantabria,85,Suances,6529,3204,3325
39,Cantabria,86,Tojos (Los),403,224,179
39,Cantabria,87,Torrelavega,55909,26812,29097
39,Cantabria,88,Tresviso,59,35,24
39,Cantabria,89,Tudanca,258,158,100
39,Cantabria,90,Udías,834,430,404
39,Cantabria,95,Val de San Vicente,2595,1332,1263
39,Cantabria,91,Valdáliga,2525,1303,1222
39,Cantabria,92,Valdeolea,1470,754,716
39,Cantabria,93,Valdeprado del Río,323,177,146
39,Cantabria,94,Valderredible,1194,635,559
39,Cantabria,96,Vega de Liébana,998,535,463
39,Cantabria,97,Vega de Pas,1013,534,479
39,Cantabria,98,Villacarriedo,1750,914,836
39,Cantabria,99,Villaescusa,3243,1595,1648
39,Cantabria,100,Villafufre,1155,609,546
39,Cantabria,101,Villaverde de Trucíos,363,184,179
39,Cantabria,102,Voto,2221,1144,1077
40,Segovia,1,Abades,852,430,422
40,Segovia,2,Adrada de Pirón,59,33,26
40,Segovia,3,Adrados,205,104,101
40,Segovia,4,Aguilafuente,806,396,410
40,Segovia,5,Alconada de Maderuelo,54,30,24
40,Segovia,12,Aldea Real,400,212,188
40,Segovia,6,Aldealcorvo,29,13,16
40,Segovia,7,Aldealengua de Pedraza,92,51,41
40,Segovia,8,Aldealengua de Santa María,86,45,41
40,Segovia,9,Aldeanueva de la Serrezuela,50,29,21
40,Segovia,10,Aldeanueva del Codonal,207,108,99
40,Segovia,13,Aldeasoña,103,47,56
40,Segovia,14,Aldehorno,75,40,35
40,Segovia,15,Aldehuela del Codonal,48,25,23
40,Segovia,16,Aldeonte,90,44,46
40,Segovia,17,Anaya,123,65,58
40,Segovia,18,Añe,134,70,64
40,Segovia,19,Arahuetes,44,23,21
40,Segovia,20,Arcones,247,127,120
40,Segovia,21,Arevalillo de Cega,44,21,23
40,Segovia,22,Armuña,265,146,119
40,Segovia,24,Ayllón,1207,600,607
40,Segovia,25,Barbolla,211,115,96
40,Segovia,26,Basardilla,109,56,53
40,Segovia,28,Bercial,127,60,67
40,Segovia,29,Bercimuel,94,45,49
40,Segovia,30,Bernardos,711,364,347
40,Segovia,31,Bernuy de Porreros,338,174,164
40,Segovia,32,Boceguillas,569,287,282
40,Segovia,33,Brieva,72,45,27
40,Segovia,34,Caballar,98,48,50
40,Segovia,35,Cabañas de Polendos,116,59,57
40,Segovia,36,Cabezuela,698,371,327
40,Segovia,37,Calabazas de Fuentidueña,69,34,35
40,Segovia,39,Campo de San Pedro,384,218,166
40,Segovia,40,Cantalejo,3476,1761,1715
40,Segovia,41,Cantimpalos,1270,648,622
40,Segovia,43,Carbonero el Mayor,2356,1178,1178
40,Segovia,44,Carrascal del Río,201,107,94
40,Segovia,45,Casla,152,79,73
40,Segovia,46,Castillejo de Mesleón,120,63,57
40,Segovia,47,Castro de Fuentidueña,90,50,40
40,Segovia,48,Castrojimeno,48,27,21
40,Segovia,49,Castroserna de Abajo,60,34,26
40,Segovia,51,Castroserracín,58,34,24
40,Segovia,52,Cedillo de la Torre,119,60,59
40,Segovia,53,Cerezo de Abajo,174,84,90
40,Segovia,54,Cerezo de Arriba,196,102,94
40,Segovia,65,Chañe,715,388,327
40,Segovia,55,Cilleruelo de San Mamés,47,21,26
40,Segovia,56,Cobos de Fuentidueña,67,29,38
40,Segovia,57,Coca,1953,958,995
40,Segovia,58,Codorniz,464,224,240
40,Segovia,59,Collado Hermoso,150,75,75
40,Segovia,60,Condado de Castilnovo,123,66,57
40,Segovia,61,Corral de Ayllón,110,59,51
40,Segovia,902,Cozuelos de Fuentidueña,186,96,90
40,Segovia,62,Cubillo,52,31,21
40,Segovia,63,Cuéllar,9138,4645,4493
40,Segovia,905,Cuevas de Provanco,204,108,96
40,Segovia,68,Domingo García,49,26,23
40,Segovia,69,Donhierro,112,61,51
40,Segovia,70,Duruelo,135,72,63
40,Segovia,71,Encinas,71,33,38
40,Segovia,72,Encinillas,75,41,34
40,Segovia,73,Escalona del Prado,587,309,278
40,Segovia,74,Escarabajosa de Cabezas,369,199,170
40,Segovia,75,Escobar de Polendos,249,130,119
40,Segovia,76,Espinar (El),6293,3225,3068
40,Segovia,77,Espirdo,243,137,106
40,Segovia,78,Fresneda de Cuéllar,241,129,112
40,Segovia,79,Fresno de Cantespino,245,130,115
40,Segovia,80,Fresno de la Fuente,74,38,36
40,Segovia,81,Frumales,197,103,94
40,Segovia,82,Fuente de Santa Cruz,191,93,98
40,Segovia,83,Fuente el Olmo de Fuentidueña,147,75,72
40,Segovia,84,Fuente el Olmo de Íscar,102,56,46
40,Segovia,86,Fuentepelayo,937,467,470
40,Segovia,87,Fuentepiñel,175,88,87
40,Segovia,88,Fuenterrebollo,424,211,213
40,Segovia,89,Fuentesaúco de Fuentidueña,318,169,149
40,Segovia,91,Fuentesoto,176,93,83
40,Segovia,92,Fuentidueña,163,82,81
40,Segovia,93,Gallegos,107,53,54
40,Segovia,94,Garcillán,352,186,166
40,Segovia,95,Gomezserracín,669,346,323
40,Segovia,97,Grajera,96,52,44
40,Segovia,99,Honrubia de la Cuesta,71,32,39
40,Segovia,100,Hontalbilla,419,220,199
40,Segovia,101,Hontanares de Eresma,173,98,75
40,Segovia,103,Huertos (Los),166,81,85
40,Segovia,104,Ituero y Lama,77,44,33
40,Segovia,105,Juarros de Riomoros,75,43,32
40,Segovia,106,Juarros de Voltoya,303,156,147
40,Segovia,107,Labajos,152,84,68
40,Segovia,108,Laguna de Contreras,171,93,78
40,Segovia,109,Languilla,124,72,52
40,Segovia,110,Lastras de Cuéllar,553,296,257
40,Segovia,111,Lastras del Pozo,85,44,41
40,Segovia,112,Lastrilla (La),1814,893,921
40,Segovia,113,Losa (La),373,198,175
40,Segovia,115,Maderuelo,159,79,80
40,Segovia,903,Marazoleja,152,85,67
40,Segovia,118,Marazuela,76,41,35
40,Segovia,119,Martín Miguel,203,101,102
40,Segovia,120,Martín Muñoz de la Dehesa,190,102,88
40,Segovia,121,Martín Muñoz de las Posadas,499,239,260
40,Segovia,122,Marugán,404,217,187
40,Segovia,124,Mata de Cuéllar,321,175,146
40,Segovia,123,Matabuena,223,115,108
40,Segovia,125,Matilla (La),111,56,55
40,Segovia,126,Melque de Cercos,117,55,62
40,Segovia,127,Membibre de la Hoz,74,39,35
40,Segovia,128,Migueláñez,175,83,92
40,Segovia,129,Montejo de Arévalo,277,153,124
40,Segovia,130,Montejo de la Vega de la Serrezuela,185,100,85
40,Segovia,131,Monterrubio,70,36,34
40,Segovia,132,Moral de Hornuez,104,61,43
40,Segovia,134,Mozoncillo,1029,534,495
40,Segovia,135,Muñopedro,384,194,190
40,Segovia,136,Muñoveros,199,108,91
40,Segovia,138,Nava de la Asunción,2628,1329,1299
40,Segovia,139,Navafría,360,191,169
40,Segovia,140,Navalilla,143,75,68
40,Segovia,141,Navalmanzano,1135,584,551
40,Segovia,142,Navares de Ayuso,86,43,43
40,Segovia,143,Navares de Enmedio,177,97,80
40,Segovia,144,Navares de las Cuevas,28,16,12
40,Segovia,145,Navas de Oro,1458,739,719
40,Segovia,904,Navas de Riofrío,280,133,147
40,Segovia,146,Navas de San Antonio,288,150,138
40,Segovia,148,Nieva,359,190,169
40,Segovia,149,Olombrada,810,428,382
40,Segovia,150,Orejana,108,61,47
40,Segovia,151,Ortigosa de Pestaño,78,43,35
40,Segovia,901,Ortigosa del Monte,345,176,169
40,Segovia,152,Otero de Herreros,864,418,446
40,Segovia,154,Pajarejos,48,22,26
40,Segovia,155,Palazuelos de Eresma,1619,839,780
40,Segovia,156,Pedraza,454,240,214
40,Segovia,157,Pelayos del Arroyo,44,22,22
40,Segovia,158,Perosillo,32,20,12
40,Segovia,159,Pinarejos,191,109,82
40,Segovia,160,Pinarnegrillo,187,98,89
40,Segovia,161,Pradales,73,38,35
40,Segovia,162,Prádena,545,293,252
40,Segovia,163,Puebla de Pedraza,96,48,48
40,Segovia,164,Rapariegos,263,131,132
40,Segovia,165,Rebollo,126,69,57
40,Segovia,166,Remondo,363,172,191
40,Segovia,168,Riaguas de San Bartolomé,91,48,43
40,Segovia,170,Riaza,1733,945,788
40,Segovia,171,Ribota,38,24,14
40,Segovia,172,Riofrío de Riaza,49,26,23
40,Segovia,173,Roda de Eresma,107,52,55
40,Segovia,174,Sacramenia,542,279,263
40,Segovia,176,Samboal,579,297,282
40,Segovia,177,San Cristóbal de Cuéllar,217,111,106
40,Segovia,178,San Cristóbal de la Vega,156,77,79
40,Segovia,906,San Cristóbal de Segovia,1751,903,848
40,Segovia,181,San Ildefonso,5127,2495,2632
40,Segovia,182,San Martín y Mudrián,281,143,138
40,Segovia,183,San Miguel de Bernuy,172,88,84
40,Segovia,184,San Pedro de Gaíllos,339,168,171
40,Segovia,179,Sanchonuño,765,372,393
40,Segovia,180,Sangarcía,481,242,239
40,Segovia,185,Santa María la Real de Nieva,1413,726,687
40,Segovia,186,Santa Marta del Cerro,54,28,26
40,Segovia,188,Santiuste de Pedraza,102,55,47
40,Segovia,189,Santiuste de San Juan Bautista,774,401,373
40,Segovia,190,Santo Domingo de Pirón,64,33,31
40,Segovia,191,Santo Tomé del Puerto,333,177,156
40,Segovia,192,Sauquillo de Cabezas,234,130,104
40,Segovia,193,Sebúlcor,279,148,131
40,Segovia,194,Segovia,54039,25919,28120
40,Segovia,195,Sepúlveda,1313,672,641
40,Segovia,196,Sequera de Fresno,48,26,22
40,Segovia,198,Sotillo,37,18,19
40,Segovia,199,Sotosalbos,125,69,56
40,Segovia,200,Tabanera la Luenga,65,32,33
40,Segovia,201,Tolocirio,59,27,32
40,Segovia,206,Torre Val de San Pedro,184,104,80
40,Segovia,202,Torreadrada,127,63,64
40,Segovia,203,Torrecaballeros,550,283,267
40,Segovia,204,Torrecilla del Pinar,307,150,157
40,Segovia,205,Torreiglesias,409,207,202
40,Segovia,207,Trescasas,334,174,160
40,Segovia,208,Turégano,1109,556,553
40,Segovia,210,Urueñas,119,65,54
40,Segovia,211,Valdeprados,55,27,28
40,Segovia,212,Valdevacas de Montejo,33,19,14
40,Segovia,213,Valdevacas y Guijar,153,83,70
40,Segovia,218,Valle de Tabladillo,162,82,80
40,Segovia,219,Vallelado,834,423,411
40,Segovia,220,Valleruela de Pedraza,72,39,33
40,Segovia,221,Valleruela de Sepúlveda,73,36,37
40,Segovia,214,Valseca,284,147,137
40,Segovia,215,Valtiendas,184,104,80
40,Segovia,216,Valverde del Majano,516,267,249
40,Segovia,222,Veganzones,288,146,142
40,Segovia,223,Vegas de Matute,241,138,103
40,Segovia,224,Ventosilla y Tejadilla,28,19,9
40,Segovia,225,Villacastín,1514,769,745
40,Segovia,228,Villaverde de Íscar,710,360,350
40,Segovia,229,Villaverde de Montejo,68,37,31
40,Segovia,230,Villeguillo,150,85,65
40,Segovia,231,Yanguas de Eresma,191,92,99
40,Segovia,233,Zarzuela del Monte,542,277,265
40,Segovia,234,Zarzuela del Pinar,586,305,281
41,Sevilla,1,Aguadulce,1968,994,974
41,Sevilla,2,Alanís,2030,1017,1013
41,Sevilla,3,Albaida del Aljarafe,1840,931,909
41,Sevilla,4,Alcalá de Guadaira,57830,28759,29071
41,Sevilla,5,Alcalá del Río,9214,4659,4555
41,Sevilla,6,Alcolea del Río,3366,1653,1713
41,Sevilla,7,Algaba (La),12989,6528,6461
41,Sevilla,8,Algámitas,1378,711,667
41,Sevilla,9,Almadén de la Plata,1738,891,847
41,Sevilla,10,Almensilla,3213,1652,1561
41,Sevilla,11,Arahal,18444,9119,9325
41,Sevilla,12,Aznalcázar,3522,1772,1750
41,Sevilla,13,Aznalcóllar,5811,2969,2842
41,Sevilla,14,Badolatosa,3198,1647,1551
41,Sevilla,15,Benacazón,5055,2568,2487
41,Sevilla,16,Bollullos de la Mitación,5156,2597,2559
41,Sevilla,17,Bormujos,10400,5165,5235
41,Sevilla,18,Brenes,10720,5365,5355
41,Sevilla,19,Burguillos,3603,1820,1783
41,Sevilla,20,Cabezas de San Juan (Las),15655,8020,7635
41,Sevilla,21,Camas,25302,12351,12951
41,Sevilla,22,Campana (La),5180,2601,2579
41,Sevilla,23,Cantillana,8989,4504,4485
41,Sevilla,901,Cañada Rosal,3018,1484,1534
41,Sevilla,24,Carmona,25793,12990,12803
41,Sevilla,25,Carrión de los Céspedes,2315,1106,1209
41,Sevilla,26,Casariche,5247,2656,2591
41,Sevilla,27,Castilblanco de los Arroyos,4501,2255,2246
41,Sevilla,28,Castilleja de Guzmán,1694,877,817
41,Sevilla,29,Castilleja de la Cuesta,16211,8010,8201
41,Sevilla,30,Castilleja del Campo,618,304,314
41,Sevilla,31,Castillo de las Guardas (El),1616,827,789
41,Sevilla,32,Cazalla de la Sierra,5154,2581,2573
41,Sevilla,33,Constantina,7055,3448,3607
41,Sevilla,34,Coria del Río,24113,12095,12018
41,Sevilla,35,Coripe,1478,755,723
41,Sevilla,36,Coronil (El),5139,2598,2541
41,Sevilla,37,Corrales (Los),4115,2093,2022
41,Sevilla,903,Cuervo de Sevilla (El),7713,3909,3804
41,Sevilla,38,Dos Hermanas,100871,49960,50911
41,Sevilla,39,Écija,37777,18600,19177
41,Sevilla,40,Espartinas,5566,2853,2713
41,Sevilla,41,Estepa,11831,5837,5994
41,Sevilla,42,Fuentes de Andalucía,7491,3722,3769
41,Sevilla,43,Garrobo (El),765,385,380
41,Sevilla,44,Gelves,6249,3088,3161
41,Sevilla,45,Gerena,5534,2758,2776
41,Sevilla,46,Gilena,3868,1963,1905
41,Sevilla,47,Gines,10292,5057,5235
41,Sevilla,48,Guadalcanal,2959,1469,1490
41,Sevilla,49,Guillena,8478,4282,4196
41,Sevilla,50,Herrera,6067,2991,3076
41,Sevilla,51,Huévar del Aljarafe,2289,1191,1098
41,Sevilla,902,Isla Mayor,6044,3023,3021
41,Sevilla,52,Lantejuela (La),3629,1862,1767
41,Sevilla,53,Lebrija,24278,12259,12019
41,Sevilla,54,Lora de Estepa,781,388,393
41,Sevilla,55,Lora del Río,18720,9276,9444
41,Sevilla,56,Luisiana (La),4360,2221,2139
41,Sevilla,57,Madroño (El),382,192,190
41,Sevilla,58,Mairena del Alcor,16788,8344,8444
41,Sevilla,59,Mairena del Aljarafe,35429,17845,17584
41,Sevilla,60,Marchena,18180,8996,9184
41,Sevilla,61,Marinaleda,2638,1314,1324
41,Sevilla,62,Martín de la Jara,2706,1414,1292
41,Sevilla,63,Molares (Los),2652,1341,1311
41,Sevilla,64,Montellano,6833,3448,3385
41,Sevilla,65,Morón de la Frontera,27838,13803,14035
41,Sevilla,66,Navas de la Concepción (Las),1886,941,945
41,Sevilla,67,Olivares,7894,3951,3943
41,Sevilla,68,Osuna,17221,8508,8713
41,Sevilla,69,Palacios y Villafranca (Los),33095,16760,16335
41,Sevilla,70,Palomares del Río,3881,1978,1903
41,Sevilla,71,Paradas,7042,3539,3503
41,Sevilla,72,Pedrera,5008,2497,2511
41,Sevilla,73,Pedroso (El),2379,1173,1206
41,Sevilla,74,Peñaflor,3827,1938,1889
41,Sevilla,75,Pilas,11421,5660,5761
41,Sevilla,76,Pruna,3219,1630,1589
41,Sevilla,77,Puebla de Cazalla (La),10649,5326,5323
41,Sevilla,78,Puebla de los Infantes (La),3402,1711,1691
41,Sevilla,79,Puebla del Río (La),10654,5294,5360
41,Sevilla,80,Real de la Jara (El),1698,824,874
41,Sevilla,81,Rinconada (La),29223,14774,14449
41,Sevilla,82,Roda de Andalucía (La),4206,2087,2119
41,Sevilla,83,Ronquillo (El),1394,702,692
41,Sevilla,84,Rubio (El),3700,1847,1853
41,Sevilla,85,Salteras,3227,1601,1626
41,Sevilla,86,San Juan de Aznalfarache,20049,9689,10360
41,Sevilla,88,San Nicolás del Puerto,710,365,345
41,Sevilla,87,Sanlúcar la Mayor,11052,5482,5570
41,Sevilla,89,Santiponce,7070,3556,3514
41,Sevilla,90,Saucejo (El),4259,2129,2130
41,Sevilla,91,Sevilla,702520,335400,367120
41,Sevilla,92,Tocina,8884,4408,4476
41,Sevilla,93,Tomares,18196,9011,9185
41,Sevilla,94,Umbrete,4982,2492,2490
41,Sevilla,95,Utrera,45862,22952,22910
41,Sevilla,96,Valencina de la Concepción,6839,3420,3419
41,Sevilla,97,Villamanrique de la Condesa,3787,1845,1942
41,Sevilla,100,Villanueva de San Juan,1493,740,753
41,Sevilla,98,Villanueva del Ariscal,4864,2358,2506
41,Sevilla,99,Villanueva del Río y Minas,5364,2590,2774
41,Sevilla,101,Villaverde del Río,6532,3305,3227
41,Sevilla,102,Viso del Alcor (El),16276,8232,8044
42,Soria,1,Abejar,370,192,178
42,Soria,3,Adradas,94,52,42
42,Soria,4,Ágreda,3255,1600,1655
42,Soria,6,Alconaba,178,101,77
42,Soria,7,Alcubilla de Avellaneda,215,107,108
42,Soria,8,Alcubilla de las Peñas,102,51,51
42,Soria,9,Aldealafuente,150,74,76
42,Soria,10,Aldealices,28,14,14
42,Soria,11,Aldealpozo,31,14,17
42,Soria,12,Aldealseñor,49,30,19
42,Soria,13,Aldehuela de Periáñez,41,21,20
42,Soria,14,Aldehuelas (Las),113,64,49
42,Soria,15,Alentisque,43,19,24
42,Soria,16,Aliud,36,19,17
42,Soria,17,Almajano,183,92,91
42,Soria,18,Almaluez,295,156,139
42,Soria,19,Almarza,620,338,282
42,Soria,20,Almazán,5787,2874,2913
42,Soria,21,Almazul,166,86,80
42,Soria,22,Almenar de Soria,371,201,170
42,Soria,23,Alpanseque,103,52,51
42,Soria,24,Arancón,116,65,51
42,Soria,25,Arcos de Jalón,1829,930,899
42,Soria,26,Arenillas,42,24,18
42,Soria,27,Arévalo de la Sierra,96,54,42
42,Soria,28,Ausejo de la Sierra,64,32,32
42,Soria,29,Baraona,229,123,106
42,Soria,30,Barca,137,77,60
42,Soria,31,Barcones,45,25,20
42,Soria,32,Bayubas de Abajo,282,149,133
42,Soria,33,Bayubas de Arriba,78,38,40
42,Soria,34,Beratón,35,28,7
42,Soria,35,Berlanga de Duero,1145,578,567
42,Soria,36,Blacos,60,37,23
42,Soria,37,Bliecos,56,32,24
42,Soria,38,Borjabad,60,33,27
42,Soria,39,Borobia,377,184,193
42,Soria,41,Buberos,48,24,24
42,Soria,42,Buitrago,53,25,28
42,Soria,43,Burgo de Osma-Ciudad de Osma,5027,2463,2564
42,Soria,44,Cabrejas del Campo,86,49,37
42,Soria,45,Cabrejas del Pinar,479,259,220
42,Soria,46,Calatañazor,70,41,29
42,Soria,48,Caltojar,123,64,59
42,Soria,49,Candilichera,228,114,114
42,Soria,50,Cañamaque,44,26,18
42,Soria,51,Carabantes,38,18,20
42,Soria,52,Caracena,23,16,7
42,Soria,53,Carrascosa de Abajo,37,19,18
42,Soria,54,Carrascosa de la Sierra,14,7,7
42,Soria,55,Casarejos,253,133,120
42,Soria,56,Castilfrío de la Sierra,29,18,11
42,Soria,58,Castillejo de Robledo,188,100,88
42,Soria,57,Castilruiz,320,160,160
42,Soria,59,Centenera de Andaluz,28,10,18
42,Soria,60,Cerbón,48,26,22
42,Soria,61,Cidones,346,194,152
42,Soria,62,Cigudosa,73,42,31
42,Soria,63,Cihuela,101,48,53
42,Soria,64,Ciria,114,51,63
42,Soria,65,Cirujales del Río,40,22,18
42,Soria,68,Coscurita,141,82,59
42,Soria,69,Covaleda,2034,1031,1003
42,Soria,70,Cubilla,67,37,30
42,Soria,71,Cubo de la Solana,241,131,110
42,Soria,73,Cueva de Ágreda,98,50,48
42,Soria,75,Dévanos,129,68,61
42,Soria,76,Deza,379,192,187
42,Soria,78,Duruelo de la Sierra,1440,720,720
42,Soria,79,Escobosa de Almazán,40,24,16
42,Soria,80,Espeja de San Marcelino,256,140,116
42,Soria,81,Espejón,217,112,105
42,Soria,82,Estepa de San Juan,15,8,7
42,Soria,83,Frechilla de Almazán,47,24,23
42,Soria,84,Fresno de Caracena,54,30,24
42,Soria,85,Fuentearmegil,332,176,156
42,Soria,86,Fuentecambrón,72,38,34
42,Soria,87,Fuentecantos,53,27,26
42,Soria,88,Fuentelmonge,133,66,67
42,Soria,89,Fuentelsaz de Soria,56,21,35
42,Soria,90,Fuentepinilla,149,85,64
42,Soria,92,Fuentes de Magaña,95,46,49
42,Soria,93,Fuentestrún,72,42,30
42,Soria,94,Garray,459,246,213
42,Soria,95,Golmayo,856,482,374
42,Soria,96,Gómara,458,236,222
42,Soria,97,Gormaz,18,6,12
42,Soria,98,Herrera de Soria,24,16,8
42,Soria,100,Hinojosa del Campo,48,30,18
42,Soria,103,Langa de Duero,904,493,411
42,Soria,105,Liceras,62,32,30
42,Soria,106,Losilla (La),19,12,7
42,Soria,107,Magaña,99,51,48
42,Soria,108,Maján,21,12,9
42,Soria,110,Matalebreras,123,63,60
42,Soria,111,Matamala de Almazán,390,200,190
42,Soria,113,Medinaceli,703,355,348
42,Soria,115,Miño de Medinaceli,116,58,58
42,Soria,116,Miño de San Esteban,92,51,41
42,Soria,117,Molinos de Duero,187,101,86
42,Soria,118,Momblona,40,23,17
42,Soria,119,Monteagudo de las Vicarías,288,141,147
42,Soria,120,Montejo de Tiermes,250,141,109
42,Soria,121,Montenegro de Cameros,112,63,49
42,Soria,123,Morón de Almazán,264,125,139
42,Soria,124,Muriel de la Fuente,74,44,30
42,Soria,125,Muriel Viejo,74,37,37
42,Soria,127,Nafría de Ucero,84,42,42
42,Soria,128,Narros,53,28,25
42,Soria,129,Navaleno,957,482,475
42,Soria,130,Nepas,88,51,37
42,Soria,131,Nolay,92,47,45
42,Soria,132,Noviercas,236,113,123
42,Soria,134,Ólvega,3343,1725,1618
42,Soria,135,Oncala,106,60,46
42,Soria,139,Pinilla del Campo,24,13,11
42,Soria,140,Portillo de Soria,21,12,9
42,Soria,141,Póveda de Soria (La),119,61,58
42,Soria,142,Pozalmuro,106,51,55
42,Soria,144,Quintana Redonda,570,299,271
42,Soria,145,Quintanas de Gormaz,199,104,95
42,Soria,148,Quiñonería,15,5,10
42,Soria,149,Rábanos (Los),434,246,188
42,Soria,151,Rebollar,51,28,23
42,Soria,152,Recuerda,117,61,56
42,Soria,153,Rello,40,19,21
42,Soria,154,Renieblas,126,67,59
42,Soria,155,Retortillo de Soria,238,131,107
42,Soria,156,Reznos,42,26,16
42,Soria,157,Riba de Escalote (La),25,15,10
42,Soria,158,Rioseco de Soria,153,74,79
42,Soria,159,Rollamienta,45,25,20
42,Soria,160,Royo (El),322,164,158
42,Soria,161,Salduero,196,106,90
42,Soria,162,San Esteban de Gormaz,3362,1707,1655
42,Soria,163,San Felices,89,47,42
42,Soria,164,San Leonardo de Yagüe,2103,1081,1022
42,Soria,165,San Pedro Manrique,505,275,230
42,Soria,166,Santa Cruz de Yanguas,61,36,25
42,Soria,167,Santa María de Huerta,443,230,213
42,Soria,168,Santa María de las Hoyas,196,106,90
42,Soria,171,Serón de Nágima,251,131,120
42,Soria,172,Soliedra,40,24,16
42,Soria,173,Soria,34640,16513,18127
42,Soria,174,Sotillo del Rincón,231,121,110
42,Soria,175,Suellacabras,37,20,17
42,Soria,176,Tajahuerce,44,20,24
42,Soria,177,Tajueco,120,63,57
42,Soria,178,Talveila,194,102,92
42,Soria,181,Tardelcuende,623,316,307
42,Soria,182,Taroda,81,41,40
42,Soria,183,Tejado,203,104,99
42,Soria,184,Torlengua,106,53,53
42,Soria,185,Torreblacos,33,17,16
42,Soria,187,Torrubia de Soria,95,53,42
42,Soria,188,Trévago,69,28,41
42,Soria,189,Ucero,104,53,51
42,Soria,190,Vadillo,141,72,69
42,Soria,191,Valdeavellano de Tera,262,126,136
42,Soria,192,Valdegeña,52,31,21
42,Soria,193,Valdelagua del Cerro,22,11,11
42,Soria,194,Valdemaluque,290,143,147
42,Soria,195,Valdenebro,150,76,74
42,Soria,196,Valdeprado,20,9,11
42,Soria,197,Valderrodilla,118,61,57
42,Soria,198,Valtajeros,28,16,12
42,Soria,200,Velamazán,147,81,66
42,Soria,201,Velilla de la Sierra,26,14,12
42,Soria,202,Velilla de los Ajos,43,25,18
42,Soria,204,Viana de Duero,77,47,30
42,Soria,205,Villaciervos,92,55,37
42,Soria,206,Villanueva de Gormaz,18,11,7
42,Soria,207,Villar del Ala,59,28,31
42,Soria,208,Villar del Campo,37,20,17
42,Soria,209,Villar del Río,174,94,80
42,Soria,211,Villares de Soria (Los),121,60,61
42,Soria,212,Villasayas,100,60,40
42,Soria,213,Villaseca de Arciel,43,24,19
42,Soria,215,Vinuesa,1082,571,511
42,Soria,216,Vizmanos,40,26,14
42,Soria,217,Vozmediano,49,27,22
42,Soria,218,Yanguas,140,72,68
42,Soria,219,Yelo,59,30,29
43,Tarragona,1,Aiguamúrcia,651,337,314
43,Tarragona,2,Albinyana,1570,822,748
43,Tarragona,3,Albiol (L'),177,98,79
43,Tarragona,4,Alcanar,8175,4123,4052
43,Tarragona,5,Alcover,3841,1950,1891
43,Tarragona,904,Aldea (L'),3539,1818,1721
43,Tarragona,6,Aldover,782,379,403
43,Tarragona,7,Aleixar (L'),725,373,352
43,Tarragona,8,Alfara de Carles,362,191,171
43,Tarragona,9,Alforja,1309,678,631
43,Tarragona,10,Alió,372,187,185
43,Tarragona,11,Almoster,851,438,413
43,Tarragona,12,Altafulla,3329,1715,1614
43,Tarragona,13,Ametlla de Mar (L'),5047,2550,2497
43,Tarragona,906,Ampolla (L'),1893,942,951
43,Tarragona,14,Amposta,16760,8290,8470
43,Tarragona,16,Arboç (L'),3663,1895,1768
43,Tarragona,15,Arbolí,133,71,62
43,Tarragona,17,Argentera (L'),147,83,64
43,Tarragona,18,Arnes,506,260,246
43,Tarragona,19,Ascó,1693,857,836
43,Tarragona,20,Banyeres del Penedès,1747,939,808
43,Tarragona,21,Barberà de la Conca,414,204,210
43,Tarragona,22,Batea,2000,1019,981
43,Tarragona,23,Bellmunt del Priorat,308,151,157
43,Tarragona,24,Bellvei,1389,741,648
43,Tarragona,25,Benifallet,883,441,442
43,Tarragona,26,Benissanet,1048,543,505
43,Tarragona,27,Bisbal de Falset (La),252,123,129
43,Tarragona,28,Bisbal del Penedès (La),2078,1106,972
43,Tarragona,29,Blancafort,385,198,187
43,Tarragona,30,Bonastre,330,173,157
43,Tarragona,31,Borges del Camp (Les),1593,802,791
43,Tarragona,32,Bot,808,411,397
43,Tarragona,33,Botarell,695,359,336
43,Tarragona,34,Bràfim,567,280,287
43,Tarragona,35,Cabacés,344,182,162
43,Tarragona,36,Cabra del Camp,638,331,307
43,Tarragona,37,Calafell,13327,6717,6610
43,Tarragona,903,Camarles,2937,1468,1469
43,Tarragona,38,Cambrils,20976,10475,10501
43,Tarragona,39,Capafonts,122,62,60
43,Tarragona,40,Capçanes,409,188,221
43,Tarragona,41,Caseres,326,157,169
43,Tarragona,42,Castellvell del Camp,1201,607,594
43,Tarragona,43,Catllar (El),2544,1327,1217
43,Tarragona,45,Colldejou,194,108,86
43,Tarragona,46,Conesa,116,63,53
43,Tarragona,47,Constantí,5007,2602,2405
43,Tarragona,48,Corbera d'Ebre,1057,552,505
43,Tarragona,49,Cornudella de Montsant,860,437,423
43,Tarragona,50,Creixell,1785,885,900
43,Tarragona,51,Cunit,6360,3279,3081
43,Tarragona,901,Deltebre,10381,5228,5153
43,Tarragona,53,Duesaigües,200,119,81
43,Tarragona,54,Espluga de Francolí (L'),3636,1798,1838
43,Tarragona,55,Falset,2518,1280,1238
43,Tarragona,56,Fatarella (La),1228,615,613
43,Tarragona,57,Febró (La),65,42,23
43,Tarragona,58,Figuera (La),120,61,59
43,Tarragona,59,Figuerola del Camp,288,136,152
43,Tarragona,60,Flix,4122,2063,2059
43,Tarragona,61,Forès,66,33,33
43,Tarragona,62,Freginals,380,192,188
43,Tarragona,63,Galera (La),729,357,372
43,Tarragona,64,Gandesa,2629,1319,1310
43,Tarragona,65,Garcia,515,266,249
43,Tarragona,66,Garidells (Els),160,82,78
43,Tarragona,67,Ginestar,845,423,422
43,Tarragona,68,Godall,725,369,356
43,Tarragona,69,Gratallops,233,124,109
43,Tarragona,70,Guiamets (Els),301,152,149
43,Tarragona,71,Horta de Sant Joan,1236,652,584
43,Tarragona,72,Lloar (El),116,59,57
43,Tarragona,73,Llorac,129,63,66
43,Tarragona,74,Llorenç del Penedès,1647,791,856
43,Tarragona,76,Marçà,603,295,308
43,Tarragona,75,Margalef,129,66,63
43,Tarragona,77,Mas de Barberans,697,356,341
43,Tarragona,78,Masdenverge,1004,520,484
43,Tarragona,79,Masllorenç,443,224,219
43,Tarragona,80,Masó (La),277,135,142
43,Tarragona,81,Maspujols,482,253,229
43,Tarragona,82,Masroig (El),515,252,263
43,Tarragona,83,Milà (El),167,79,88
43,Tarragona,84,Miravet,782,416,366
43,Tarragona,85,Molar (El),291,151,140
43,Tarragona,86,Montblanc,6132,3045,3087
43,Tarragona,88,Montbrió del Camp,1519,772,747
43,Tarragona,89,Montferri,147,81,66
43,Tarragona,90,Montmell (El),386,213,173
43,Tarragona,91,Mont-ral,169,95,74
43,Tarragona,92,Mont-roig del Camp,6965,3562,3403
43,Tarragona,93,Móra d'Ebre,4788,2365,2423
43,Tarragona,94,Móra la Nova,2715,1355,1360
43,Tarragona,95,Morell (El),2327,1176,1151
43,Tarragona,96,Morera de Montsant (La),170,95,75
43,Tarragona,97,Nou de Gaià (La),391,198,193
43,Tarragona,98,Nulles,358,167,191
43,Tarragona,100,Pallaresos (Els),2664,1383,1281
43,Tarragona,99,Palma d'Ebre (La),420,199,221
43,Tarragona,101,Passanant,189,110,79
43,Tarragona,102,Paüls,631,319,312
43,Tarragona,103,Perafort,658,331,327
43,Tarragona,104,Perelló (El),2154,1119,1035
43,Tarragona,105,Piles (Les),185,100,85
43,Tarragona,106,Pinell de Brai (El),1072,544,528
43,Tarragona,107,Pira,396,194,202
43,Tarragona,108,Pla de Santa Maria (El),1685,875,810
43,Tarragona,109,Pobla de Mafumet (La),1147,571,576
43,Tarragona,110,Pobla de Massaluca (La),439,228,211
43,Tarragona,111,Pobla de Montornès (La),1495,826,669
43,Tarragona,112,Poboleda,339,172,167
43,Tarragona,113,Pont d'Armentera (El),565,293,272
43,Tarragona,141,Pontils,147,73,74
43,Tarragona,114,Porrera,467,253,214
43,Tarragona,115,Pradell de la Teixeta,191,96,95
43,Tarragona,116,Prades,565,285,280
43,Tarragona,117,Prat de Comte,177,87,90
43,Tarragona,118,Pratdip,579,292,287
43,Tarragona,119,Puigpelat,580,293,287
43,Tarragona,120,Querol,298,170,128
43,Tarragona,121,Rasquera,775,393,382
43,Tarragona,122,Renau,66,31,35
43,Tarragona,123,Reus,90056,44036,46020
43,Tarragona,124,Riba (La),704,366,338
43,Tarragona,125,Riba-roja d'Ebre,1329,687,642
43,Tarragona,126,Riera de Gaià (La),1005,508,497
43,Tarragona,127,Riudecanyes,720,368,352
43,Tarragona,128,Riudecols,993,517,476
43,Tarragona,129,Riudoms,5297,2687,2610
43,Tarragona,130,Rocafort de Queralt,276,144,132
43,Tarragona,131,Roda de Barà,3598,1958,1640
43,Tarragona,132,Rodonyà,415,216,199
43,Tarragona,133,Roquetes,6437,3250,3187
43,Tarragona,134,Rourell (El),261,139,122
43,Tarragona,135,Salomó,382,193,189
43,Tarragona,905,Salou,13952,7121,6831
43,Tarragona,136,Sant Carles de la Ràpita,11485,5731,5754
43,Tarragona,137,Sant Jaume dels Domenys,1480,780,700
43,Tarragona,902,Sant Jaume d'Enveja,3304,1684,1620
43,Tarragona,138,Santa Bàrbara,3332,1665,1667
43,Tarragona,139,Santa Coloma de Queralt,2709,1322,1387
43,Tarragona,140,Santa Oliva,2175,1104,1071
43,Tarragona,142,Sarral,1459,762,697
43,Tarragona,143,Savallà del Comtat,73,38,35
43,Tarragona,144,Secuita (La),1145,580,565
43,Tarragona,145,Selva del Camp (La),4256,2132,2124
43,Tarragona,146,Senan,31,20,11
43,Tarragona,44,Sénia (La),5322,2770,2552
43,Tarragona,147,Solivella,617,303,314
43,Tarragona,148,Tarragona,115153,56259,58894
43,Tarragona,149,Tivenys,922,461,461
43,Tarragona,150,Tivissa,1775,881,894
43,Tarragona,151,Torre de Fontaubella (La),129,62,67
43,Tarragona,152,Torre de l'Espanyol (La),687,358,329
43,Tarragona,153,Torredembarra,11090,5511,5579
43,Tarragona,154,Torroja del Priorat,140,84,56
43,Tarragona,155,Tortosa,29821,14559,15262
43,Tarragona,156,Ulldecona,5671,2885,2786
43,Tarragona,157,Ulldemolins,491,257,234
43,Tarragona,158,Vallclara,111,59,52
43,Tarragona,159,Vallfogona de Riucorb,146,78,68
43,Tarragona,160,Vallmoll,1254,658,596
43,Tarragona,161,Valls,20568,10126,10442
43,Tarragona,162,Vandellòs i l'Hospitalet de l'Infant,4487,2258,2229
43,Tarragona,163,Vendrell (El),23774,11953,11821
43,Tarragona,164,Vespella de Gaià,204,114,90
43,Tarragona,165,Vilabella,779,393,386
43,Tarragona,175,Vilalba dels Arcs,753,394,359
43,Tarragona,166,Vilallonga del Camp,1251,616,635
43,Tarragona,168,Vilanova de Prades,155,78,77
43,Tarragona,167,Vilanova d'Escornalbou,432,223,209
43,Tarragona,169,Vilaplana,547,278,269
43,Tarragona,170,Vila-rodona,1033,570,463
43,Tarragona,171,Vila-seca,13420,6757,6663
43,Tarragona,172,Vilaverd,363,187,176
43,Tarragona,173,Vilella Alta (La),123,65,58
43,Tarragona,174,Vilella Baixa (La),179,98,81
43,Tarragona,176,Vimbodí,1045,571,474
43,Tarragona,177,Vinebre,457,231,226
43,Tarragona,178,Vinyols i els Arcs,1236,642,594
43,Tarragona,52,Xerta,1242,623,619
44,Teruel,1,Ababuj,84,48,36
44,Teruel,2,Abejuela,51,33,18
44,Teruel,3,Aguatón,25,11,14
44,Teruel,4,Aguaviva,651,317,334
44,Teruel,5,Aguilar del Alfambra,92,46,46
44,Teruel,6,Alacón,444,231,213
44,Teruel,7,Alba,273,144,129
44,Teruel,8,Albalate del Arzobispo,2252,1109,1143
44,Teruel,9,Albarracín,1037,534,503
44,Teruel,10,Albentosa,256,131,125
44,Teruel,11,Alcaine,71,41,30
44,Teruel,12,Alcalá de la Selva,494,260,234
44,Teruel,13,Alcañiz,13386,6633,6753
44,Teruel,14,Alcorisa,3267,1645,1622
44,Teruel,16,Alfambra,630,318,312
44,Teruel,17,Aliaga,374,198,176
44,Teruel,21,Allepuz,142,75,67
44,Teruel,22,Alloza,743,356,387
44,Teruel,23,Allueva,16,11,5
44,Teruel,18,Almohaja,29,18,11
44,Teruel,19,Alobras,93,52,41
44,Teruel,20,Alpeñés,28,18,10
44,Teruel,24,Anadón,19,11,8
44,Teruel,25,Andorra,7887,4078,3809
44,Teruel,26,Arcos de las Salinas,142,67,75
44,Teruel,27,Arens de Lledó,239,114,125
44,Teruel,28,Argente,258,134,124
44,Teruel,29,Ariño,817,399,418
44,Teruel,31,Azaila,175,98,77
44,Teruel,32,Bádenas,21,11,10
44,Teruel,33,Báguena,485,247,238
44,Teruel,34,Bañón,177,95,82
44,Teruel,35,Barrachina,162,85,77
44,Teruel,36,Bea,43,26,17
44,Teruel,37,Beceite,630,322,308
44,Teruel,39,Bello,388,182,206
44,Teruel,38,Belmonte de San José,142,76,66
44,Teruel,40,Berge,230,120,110
44,Teruel,41,Bezas,66,35,31
44,Teruel,42,Blancas,178,97,81
44,Teruel,43,Blesa,149,92,57
44,Teruel,44,Bordón,145,73,72
44,Teruel,45,Bronchales,460,245,215
44,Teruel,46,Bueña,99,54,45
44,Teruel,47,Burbáguena,329,145,184
44,Teruel,48,Cabra de Mora,110,63,47
44,Teruel,49,Calaceite,1176,608,568
44,Teruel,50,Calamocha,4074,2024,2050
44,Teruel,51,Calanda,3467,1767,1700
44,Teruel,52,Calomarde,76,38,38
44,Teruel,53,Camañas,135,81,54
44,Teruel,54,Camarena de la Sierra,187,102,85
44,Teruel,55,Camarillas,116,62,54
44,Teruel,56,Caminreal,799,394,405
44,Teruel,59,Cantavieja,687,362,325
44,Teruel,60,Cañada de Benatanduz,64,39,25
44,Teruel,61,Cañada de Verich (La),100,58,42
44,Teruel,62,Cañada Vellida,58,38,20
44,Teruel,63,Cañizar del Olivar,119,61,58
44,Teruel,64,Cascante del Río,114,70,44
44,Teruel,65,Castejón de Tornos,97,50,47
44,Teruel,66,Castel de Cabra,159,83,76
44,Teruel,70,Castellar (El),94,51,43
44,Teruel,71,Castellote,741,386,355
44,Teruel,67,Castelnou,106,58,48
44,Teruel,68,Castelserás,851,452,399
44,Teruel,74,Cedrillas,523,268,255
44,Teruel,75,Celadas,412,224,188
44,Teruel,76,Cella,2890,1478,1412
44,Teruel,77,Cerollera (La),120,66,54
44,Teruel,80,Codoñera (La),340,180,160
44,Teruel,82,Corbalán,75,43,32
44,Teruel,84,Cortes de Aragón,121,60,61
44,Teruel,85,Cosa,96,51,45
44,Teruel,86,Cretas,591,301,290
44,Teruel,87,Crivillén,125,67,58
44,Teruel,88,Cuba (La),60,30,30
44,Teruel,89,Cubla,48,26,22
44,Teruel,90,Cucalón,73,40,33
44,Teruel,92,Cuervo (El),119,61,58
44,Teruel,93,Cuevas de Almudén,103,56,47
44,Teruel,94,Cuevas Labradas,155,82,73
44,Teruel,96,Ejulve,224,114,110
44,Teruel,97,Escorihuela,227,113,114
44,Teruel,99,Escucha,1102,593,509
44,Teruel,100,Estercuel,332,171,161
44,Teruel,101,Ferreruela de Huerva,85,46,39
44,Teruel,102,Fonfría,32,18,14
44,Teruel,103,Formiche Alto,199,106,93
44,Teruel,105,Fórnoles,103,48,55
44,Teruel,106,Fortanete,189,100,89
44,Teruel,107,Foz-Calanda,246,134,112
44,Teruel,108,Fresneda (La),404,211,193
44,Teruel,109,Frías de Albarracín,156,84,72
44,Teruel,110,Fuenferrada,49,27,22
44,Teruel,111,Fuentes Calientes,127,71,56
44,Teruel,112,Fuentes Claras,636,313,323
44,Teruel,113,Fuentes de Rubielos,100,53,47
44,Teruel,114,Fuentespalda,344,175,169
44,Teruel,115,Galve,140,75,65
44,Teruel,116,Gargallo,124,68,56
44,Teruel,117,Gea de Albarracín,440,222,218
44,Teruel,118,Ginebrosa (La),249,138,111
44,Teruel,119,Griegos,131,78,53
44,Teruel,120,Guadalaviar,284,144,140
44,Teruel,121,Gúdar,78,45,33
44,Teruel,122,Híjar,1887,953,934
44,Teruel,123,Hinojosa de Jarque,174,92,82
44,Teruel,124,Hoz de la Vieja (La),120,61,59
44,Teruel,125,Huesa del Común,131,76,55
44,Teruel,126,Iglesuela del Cid (La),489,257,232
44,Teruel,127,Jabaloyas,85,43,42
44,Teruel,128,Jarque de la Val,99,54,45
44,Teruel,129,Jatiel,60,31,29
44,Teruel,130,Jorcas,46,29,17
44,Teruel,131,Josa,39,23,16
44,Teruel,132,Lagueruela,65,31,34
44,Teruel,133,Lanzuela,36,23,13
44,Teruel,135,Libros,156,80,76
44,Teruel,136,Lidón,77,35,42
44,Teruel,137,Linares de Mora,289,162,127
44,Teruel,141,Lledó,199,108,91
44,Teruel,138,Loscos,200,109,91
44,Teruel,142,Maicas,41,20,21
44,Teruel,143,Manzanera,475,264,211
44,Teruel,144,Martín del Río,495,252,243
44,Teruel,145,Mas de las Matas,1469,750,719
44,Teruel,146,Mata de los Olmos (La),255,121,134
44,Teruel,147,Mazaleón,601,306,295
44,Teruel,148,Mezquita de Jarque,135,73,62
44,Teruel,149,Mirambel,147,83,64
44,Teruel,150,Miravete de la Sierra,48,28,20
44,Teruel,151,Molinos,315,165,150
44,Teruel,152,Monforte de Moyuela,58,33,25
44,Teruel,153,Monreal del Campo,2350,1171,1179
44,Teruel,154,Monroyo,354,191,163
44,Teruel,155,Montalbán,1567,798,769
44,Teruel,156,Monteagudo del Castillo,63,37,26
44,Teruel,157,Monterde de Albarracín,63,33,30
44,Teruel,158,Mora de Rubielos,1363,695,668
44,Teruel,159,Moscardón,53,29,24
44,Teruel,160,Mosqueruela,711,384,327
44,Teruel,161,Muniesa,729,378,351
44,Teruel,163,Noguera de Albarracín,173,91,82
44,Teruel,164,Nogueras,18,13,5
44,Teruel,165,Nogueruelas,215,115,100
44,Teruel,167,Obón,71,36,35
44,Teruel,168,Odón,266,126,140
44,Teruel,169,Ojos Negros,566,295,271
44,Teruel,171,Olba,213,103,110
44,Teruel,172,Oliete,476,245,231
44,Teruel,173,Olmos (Los),144,75,69
44,Teruel,174,Orihuela del Tremedal,615,302,313
44,Teruel,175,Orrios,190,98,92
44,Teruel,176,Palomar de Arroyos,250,141,109
44,Teruel,177,Pancrudo,165,87,78
44,Teruel,178,Parras de Castellote (Las),75,41,34
44,Teruel,179,Peñarroya de Tastavins,522,278,244
44,Teruel,180,Peracense,106,57,49
44,Teruel,181,Peralejos,88,44,44
44,Teruel,182,Perales del Alfambra,287,149,138
44,Teruel,183,Pitarque,108,49,59
44,Teruel,184,Plou,45,24,21
44,Teruel,185,Pobo (El),139,75,64
44,Teruel,187,Portellada (La),308,163,145
44,Teruel,189,Pozondón,88,44,44
44,Teruel,190,Pozuel del Campo,111,61,50
44,Teruel,191,Puebla de Híjar (La),1078,535,543
44,Teruel,192,Puebla de Valverde (La),500,273,227
44,Teruel,193,Puertomingalvo,146,80,66
44,Teruel,194,Ráfales,184,92,92
44,Teruel,195,Rillo,138,75,63
44,Teruel,196,Riodeva,211,99,112
44,Teruel,197,Ródenas,93,45,48
44,Teruel,198,Royuela,237,130,107
44,Teruel,199,Rubiales,57,31,26
44,Teruel,200,Rubielos de la Cérida,60,30,30
44,Teruel,201,Rubielos de Mora,625,322,303
44,Teruel,203,Salcedillo,7,4,3
44,Teruel,204,Saldón,38,22,16
44,Teruel,205,Samper de Calanda,985,476,509
44,Teruel,206,San Agustín,130,67,63
44,Teruel,207,San Martín del Río,283,135,148
44,Teruel,208,Santa Cruz de Nogueras,26,15,11
44,Teruel,209,Santa Eulalia,1193,577,616
44,Teruel,210,Sarrión,1013,529,484
44,Teruel,211,Segura de los Baños,47,22,25
44,Teruel,212,Seno,48,24,24
44,Teruel,213,Singra,93,45,48
44,Teruel,215,Terriente,179,103,76
44,Teruel,216,Teruel,30789,14893,15896
44,Teruel,217,Toril y Masegoso,30,17,13
44,Teruel,218,Tormón,39,20,19
44,Teruel,219,Tornos,245,131,114
44,Teruel,220,Torralba de los Sisones,218,110,108
44,Teruel,223,Torre de Arcas,107,51,56
44,Teruel,224,Torre de las Arcas,35,20,15
44,Teruel,225,Torre del Compte,173,84,89
44,Teruel,227,Torre los Negros,98,49,49
44,Teruel,221,Torrecilla de Alcañiz,439,235,204
44,Teruel,222,Torrecilla del Rebollar,178,93,85
44,Teruel,226,Torrelacárcel,281,148,133
44,Teruel,228,Torremocha de Jiloca,165,83,82
44,Teruel,229,Torres de Albarracín,158,85,73
44,Teruel,230,Torrevelilla,205,104,101
44,Teruel,231,Torrijas,70,31,39
44,Teruel,232,Torrijo del Campo,559,283,276
44,Teruel,234,Tramacastiel,106,53,53
44,Teruel,235,Tramacastilla,120,58,62
44,Teruel,236,Tronchón,94,51,43
44,Teruel,237,Urrea de Gaén,590,291,299
44,Teruel,238,Utrillas,3275,1698,1577
44,Teruel,239,Valacloche,20,12,8
44,Teruel,240,Valbona,191,102,89
44,Teruel,241,Valdealgorfa,729,361,368
44,Teruel,243,Valdecuenca,40,22,18
44,Teruel,244,Valdelinares,120,66,54
44,Teruel,245,Valdeltormo,377,199,178
44,Teruel,246,Valderrobres,1889,987,902
44,Teruel,247,Valjunquera,433,217,216
44,Teruel,249,Vallecillo (El),62,32,30
44,Teruel,250,Veguillas de la Sierra,28,17,11
44,Teruel,251,Villafranca del Campo,380,189,191
44,Teruel,252,Villahermosa del Campo,70,39,31
44,Teruel,256,Villanueva del Rebollar de la Sierra,48,28,20
44,Teruel,257,Villar del Cobo,232,123,109
44,Teruel,258,Villar del Salz,101,56,45
44,Teruel,260,Villarluengo,200,115,85
44,Teruel,261,Villarquemado,965,499,466
44,Teruel,262,Villarroya de los Pinares,192,98,94
44,Teruel,263,Villastar,332,175,157
44,Teruel,264,Villel,332,170,162
44,Teruel,265,Vinaceite,282,146,136
44,Teruel,266,Visiedo,199,91,108
44,Teruel,267,Vivel del Río Martín,91,46,45
44,Teruel,268,Zoma (La),31,16,15
45,Toledo,1,Ajofrín,2185,1140,1045
45,Toledo,2,Alameda de la Sagra,2841,1516,1325
45,Toledo,3,Albarreal de Tajo,630,314,316
45,Toledo,4,Alcabón,632,318,314
45,Toledo,5,Alcañizo,324,168,156
45,Toledo,6,Alcaudete de la Jara,1825,878,947
45,Toledo,7,Alcolea de Tajo,772,382,390
45,Toledo,8,Aldea en Cabo,170,90,80
45,Toledo,9,Aldeanueva de Barbarroya,804,410,394
45,Toledo,10,Aldeanueva de San Bartolomé,578,282,296
45,Toledo,11,Almendral de la Cañada,399,205,194
45,Toledo,12,Almonacid de Toledo,801,413,388
45,Toledo,13,Almorox,2171,1130,1041
45,Toledo,14,Añover de Tajo,4565,2367,2198
45,Toledo,15,Arcicóllar,551,273,278
45,Toledo,16,Argés,2569,1278,1291
45,Toledo,17,Azután,342,174,168
45,Toledo,18,Barcience,107,55,52
45,Toledo,19,Bargas,6980,3490,3490
45,Toledo,20,Belvís de la Jara,1700,840,860
45,Toledo,21,Borox,2260,1143,1117
45,Toledo,22,Buenaventura,534,260,274
45,Toledo,23,Burguillos de Toledo,1040,535,505
45,Toledo,24,Burujón,1292,666,626
45,Toledo,25,Cabañas de la Sagra,1287,658,629
45,Toledo,26,Cabañas de Yepes,258,131,127
45,Toledo,27,Cabezamesada,494,258,236
45,Toledo,28,Calera y Chozas,3709,1869,1840
45,Toledo,29,Caleruela,296,147,149
45,Toledo,30,Calzada de Oropesa,592,299,293
45,Toledo,31,Camarena,2364,1222,1142
45,Toledo,32,Camarenilla,533,261,272
45,Toledo,33,Campillo de la Jara (El),502,263,239
45,Toledo,34,Camuñas,1731,891,840
45,Toledo,35,Cardiel de los Montes,163,92,71
45,Toledo,36,Carmena,817,409,408
45,Toledo,37,Carpio de Tajo (El),2200,1063,1137
45,Toledo,38,Carranque,1829,931,898
45,Toledo,39,Carriches,287,145,142
45,Toledo,40,Casar de Escalona (El),986,483,503
45,Toledo,41,Casarrubios del Monte,3166,1652,1514
45,Toledo,42,Casasbuenas,229,116,113
45,Toledo,43,Castillo de Bayuela,1007,503,504
45,Toledo,45,Cazalegas,1178,595,583
45,Toledo,46,Cebolla,2874,1455,1419
45,Toledo,47,Cedillo del Condado,1568,819,749
45,Toledo,48,Cerralbos (Los),460,231,229
45,Toledo,49,Cervera de los Montes,386,204,182
45,Toledo,56,Chozas de Canales,1078,558,520
45,Toledo,57,Chueca,261,138,123
45,Toledo,50,Ciruelos,363,198,165
45,Toledo,51,Cobeja,1812,915,897
45,Toledo,52,Cobisa,1829,953,876
45,Toledo,53,Consuegra,10047,5004,5043
45,Toledo,54,Corral de Almaguer,5594,2813,2781
45,Toledo,55,Cuerva,1297,646,651
45,Toledo,58,Domingo Pérez,473,240,233
45,Toledo,59,Dosbarrios,2085,1044,1041
45,Toledo,60,Erustes,200,101,99
45,Toledo,61,Escalona,2193,1115,1078
45,Toledo,62,Escalonilla,1404,683,721
45,Toledo,63,Espinoso del Rey,609,314,295
45,Toledo,64,Esquivias,3848,1940,1908
45,Toledo,65,Estrella (La),403,209,194
45,Toledo,66,Fuensalida,7708,3901,3807
45,Toledo,67,Gálvez,3111,1567,1544
45,Toledo,68,Garciotum,160,74,86
45,Toledo,69,Gerindote,1875,964,911
45,Toledo,70,Guadamur,1599,810,789
45,Toledo,71,Guardia (La),2392,1187,1205
45,Toledo,72,Herencias (Las),755,387,368
45,Toledo,73,Herreruela de Oropesa,422,208,214
45,Toledo,74,Hinojosa de San Vicente,476,259,217
45,Toledo,75,Hontanar,122,74,48
45,Toledo,76,Hormigos,409,208,201
45,Toledo,77,Huecas,492,256,236
45,Toledo,78,Huerta de Valdecarábanos,1684,830,854
45,Toledo,79,Iglesuela (La),427,213,214
45,Toledo,80,Illán de Vacas,5,4,1
45,Toledo,81,Illescas,10940,5486,5454
45,Toledo,82,Lagartera,1813,897,916
45,Toledo,83,Layos,290,148,142
45,Toledo,84,Lillo,2905,1458,1447
45,Toledo,85,Lominchar,1236,644,592
45,Toledo,86,Lucillos,485,238,247
45,Toledo,87,Madridejos,10544,5243,5301
45,Toledo,88,Magán,1163,593,570
45,Toledo,89,Malpica de Tajo,1893,961,932
45,Toledo,90,Manzaneque,486,246,240
45,Toledo,91,Maqueda,477,244,233
45,Toledo,92,Marjaliza,305,152,153
45,Toledo,93,Marrupe,134,70,64
45,Toledo,94,Mascaraque,474,230,244
45,Toledo,95,Mata (La),967,482,485
45,Toledo,96,Mazarambroz,1220,616,604
45,Toledo,97,Mejorada,1156,578,578
45,Toledo,98,Menasalbas,3008,1578,1430
45,Toledo,99,Méntrida,2198,1136,1062
45,Toledo,100,Mesegar de Tajo,232,112,120
45,Toledo,101,Miguel Esteban,4765,2389,2376
45,Toledo,102,Mocejón,4172,2150,2022
45,Toledo,103,Mohedas de la Jara,605,315,290
45,Toledo,104,Montearagón,439,229,210
45,Toledo,105,Montesclaros,439,226,213
45,Toledo,106,Mora,9519,4741,4778
45,Toledo,107,Nambroca,2693,1384,1309
45,Toledo,108,Nava de Ricomalillo (La),708,361,347
45,Toledo,109,Navahermosa,4027,2061,1966
45,Toledo,110,Navalcán,2231,1169,1062
45,Toledo,111,Navalmoralejo,70,32,38
45,Toledo,112,Navalmorales (Los),2611,1309,1302
45,Toledo,113,Navalucillos (Los),2718,1365,1353
45,Toledo,114,Navamorcuende,735,386,349
45,Toledo,115,Noblejas,3063,1566,1497
45,Toledo,116,Noez,823,411,412
45,Toledo,117,Nombela,921,473,448
45,Toledo,118,Novés,1562,791,771
45,Toledo,119,Numancia de la Sagra,2778,1445,1333
45,Toledo,120,Nuño Gómez,203,103,100
45,Toledo,121,Ocaña,6304,3135,3169
45,Toledo,122,Olías del Rey,4449,2260,2189
45,Toledo,123,Ontígola,1340,729,611
45,Toledo,124,Orgaz,2666,1330,1336
45,Toledo,125,Oropesa,2691,1328,1363
45,Toledo,126,Otero,191,88,103
45,Toledo,127,Palomeque,464,243,221
45,Toledo,128,Pantoja,2590,1323,1267
45,Toledo,129,Paredes de Escalona,115,57,58
45,Toledo,130,Parrillas,414,206,208
45,Toledo,131,Pelahustán,345,179,166
45,Toledo,132,Pepino,981,500,481
45,Toledo,133,Polán,3349,1701,1648
45,Toledo,134,Portillo de Toledo,2017,1045,972
45,Toledo,135,Puebla de Almoradiel (La),5422,2730,2692
45,Toledo,136,Puebla de Montalbán (La),7248,3662,3586
45,Toledo,137,Pueblanueva (La),2025,1028,997
45,Toledo,138,Puente del Arzobispo (El),1536,749,787
45,Toledo,139,Puerto de San Vicente,269,136,133
45,Toledo,140,Pulgar,1281,649,632
45,Toledo,141,Quero,1257,626,631
45,Toledo,142,Quintanar de la Orden,9776,4893,4883
45,Toledo,143,Quismondo,1304,649,655
45,Toledo,144,Real de San Vicente (El),988,500,488
45,Toledo,145,Recas,2783,1507,1276
45,Toledo,146,Retamoso,152,80,72
45,Toledo,147,Rielves,542,266,276
45,Toledo,148,Robledo del Mazo,503,262,241
45,Toledo,149,Romeral (El),872,427,445
45,Toledo,150,San Bartolomé de las Abiertas,480,254,226
45,Toledo,151,San Martín de Montalbán,739,360,379
45,Toledo,152,San Martín de Pusa,769,392,377
45,Toledo,153,San Pablo de los Montes,2161,1101,1060
45,Toledo,154,San Román de los Montes,761,404,357
45,Toledo,155,Santa Ana de Pusa,370,195,175
45,Toledo,156,Santa Cruz de la Zarza,4478,2264,2214
45,Toledo,157,Santa Cruz del Retamar,1752,878,874
45,Toledo,158,Santa Olalla,2536,1301,1235
45,Toledo,901,Santo Domingo-Caudilla,778,388,390
45,Toledo,159,Sartajada,121,71,50
45,Toledo,160,Segurilla,1001,494,507
45,Toledo,161,Seseña,4801,2506,2295
45,Toledo,162,Sevilleja de la Jara,1047,553,494
45,Toledo,163,Sonseca,9790,5028,4762
45,Toledo,164,Sotillo de las Palomas,204,100,104
45,Toledo,165,Talavera de la Reina,76011,37033,38978
45,Toledo,166,Tembleque,2132,1078,1054
45,Toledo,167,Toboso (El),2065,1015,1050
45,Toledo,168,Toledo,69450,33290,36160
45,Toledo,169,Torralba de Oropesa,264,125,139
45,Toledo,171,Torre de Esteban Hambrán (La),1524,790,734
45,Toledo,170,Torrecilla de la Jara,301,146,155
45,Toledo,172,Torrico,881,461,420
45,Toledo,173,Torrijos,10173,4992,5181
45,Toledo,174,Totanés,375,186,189
45,Toledo,175,Turleque,948,467,481
45,Toledo,176,Ugena,1563,835,728
45,Toledo,177,Urda,3035,1529,1506
45,Toledo,179,Valdeverdeja,777,353,424
45,Toledo,180,Valmojado,2421,1232,1189
45,Toledo,181,Velada,2399,1246,1153
45,Toledo,182,Ventas con Peña Aguilera (Las),1410,717,693
45,Toledo,183,Ventas de Retamosa (Las),853,446,407
45,Toledo,184,Ventas de San Julián (Las),234,107,127
45,Toledo,186,Villa de Don Fadrique (La),4114,2069,2045
45,Toledo,185,Villacañas,9393,4648,4745
45,Toledo,187,Villafranca de los Caballeros,5305,2615,2690
45,Toledo,188,Villaluenga de la Sagra,2648,1314,1334
45,Toledo,189,Villamiel de Toledo,472,244,228
45,Toledo,190,Villaminaya,636,324,312
45,Toledo,191,Villamuelas,746,367,379
45,Toledo,192,Villanueva de Alcardete,3449,1784,1665
45,Toledo,193,Villanueva de Bogas,823,408,415
45,Toledo,194,Villarejo de Montalbán,93,46,47
45,Toledo,195,Villarrubia de Santiago,2865,1429,1436
45,Toledo,196,Villaseca de la Sagra,1581,788,793
45,Toledo,197,Villasequilla,2307,1195,1112
45,Toledo,198,Villatobas,2261,1161,1100
45,Toledo,199,Viso de San Juan (El),1252,677,575
45,Toledo,200,Yébenes (Los),6154,3093,3061
45,Toledo,201,Yeles,1657,872,785
45,Toledo,202,Yepes,4369,2222,2147
45,Toledo,203,Yuncler,1858,933,925
45,Toledo,204,Yunclillos,606,320,286
45,Toledo,205,Yuncos,3935,2093,1842
46,Valencia/València,1,Ademuz,1179,608,571
46,Valencia/València,2,Ador,1206,615,591
46,Valencia/València,4,Agullent,2250,1096,1154
46,Valencia/València,42,Aielo de Malferit,4085,1998,2087
46,Valencia/València,43,Aielo de Rugat,206,110,96
46,Valencia/València,5,Alaquàs,27522,13683,13839
46,Valencia/València,6,Albaida,5918,2927,2991
46,Valencia/València,7,Albal,12453,6223,6230
46,Valencia/València,8,Albalat de la Ribera,3465,1693,1772
46,Valencia/València,9,Albalat dels Sorells,3445,1674,1771
46,Valencia/València,10,Albalat dels Tarongers,737,383,354
46,Valencia/València,11,Alberic,9341,4580,4761
46,Valencia/València,12,Alborache,937,478,459
46,Valencia/València,13,Alboraya,17901,8924,8977
46,Valencia/València,14,Albuixech,3063,1496,1567
46,Valencia/València,16,Alcàntera de Xúquer,1394,694,700
46,Valencia/València,15,Alcàsser,7562,3816,3746
46,Valencia/València,18,Alcublas,846,442,404
46,Valencia/València,19,Alcúdia (l'),10674,5295,5379
46,Valencia/València,20,Alcúdia de Crespins (l'),4335,2145,2190
46,Valencia/València,21,Aldaia,24608,12269,12339
46,Valencia/València,22,Alfafar,18698,9269,9429
46,Valencia/València,24,Alfara de Algimia,503,248,255
46,Valencia/València,25,Alfara del Patriarca,2660,1308,1352
46,Valencia/València,26,Alfarp,1340,661,679
46,Valencia/València,27,Alfarrasí,1232,602,630
46,Valencia/València,23,Alfauir,351,178,173
46,Valencia/València,28,Algar de Palancia,420,212,208
46,Valencia/València,29,Algemesí,25059,12376,12683
46,Valencia/València,30,Algimia de Alfara,870,435,435
46,Valencia/València,31,Alginet,11977,6017,5960
46,Valencia/València,32,Almàssera,5859,2815,3044
46,Valencia/València,33,Almiserà,245,119,126
46,Valencia/València,34,Almoines,1665,819,846
46,Valencia/València,35,Almussafes,7222,3604,3618
46,Valencia/València,36,Alpuente,940,485,455
46,Valencia/València,37,Alquería de la Condesa/Alqueria de la Comtessa (l'),1416,665,751
46,Valencia/València,17,Alzira,40818,19966,20852
46,Valencia/València,38,Andilla,431,250,181
46,Valencia/València,39,Anna,2677,1344,1333
46,Valencia/València,40,Antella,1507,754,753
46,Valencia/València,41,Aras de Alpuente,379,215,164
46,Valencia/València,3,Atzeneta d'Albaida,1262,648,614
46,Valencia/València,44,Ayora,5506,2807,2699
46,Valencia/València,46,Barx,1248,600,648
46,Valencia/València,45,Barxeta,1630,832,798
46,Valencia/València,47,Bèlgida,707,350,357
46,Valencia/València,48,Bellreguard,3709,1847,1862
46,Valencia/València,49,Bellús,400,197,203
46,Valencia/València,50,Benagéber,183,94,89
46,Valencia/València,51,Benaguasil,9340,4712,4628
46,Valencia/València,52,Benavites,623,299,324
46,Valencia/València,53,Beneixida,602,285,317
46,Valencia/València,54,Benetússer,13625,6738,6887
46,Valencia/València,55,Beniarjó,1269,638,631
46,Valencia/València,56,Beniatjar,234,118,116
46,Valencia/València,57,Benicolet,500,258,242
46,Valencia/València,60,Benifaió,12071,5960,6111
46,Valencia/València,59,Benifairó de la Valldigna,1654,815,839
46,Valencia/València,58,Benifairó de les Valls,1938,956,982
46,Valencia/València,61,Beniflá,190,88,102
46,Valencia/València,62,Benigánim,5548,2785,2763
46,Valencia/València,63,Benimodo,1816,927,889
46,Valencia/València,64,Benimuslem,552,278,274
46,Valencia/València,65,Beniparrell,1633,841,792
46,Valencia/València,66,Benirredrà,1260,594,666
46,Valencia/València,67,Benisanó,1815,926,889
46,Valencia/València,68,Benisoda,300,166,134
46,Valencia/València,69,Benisuera,188,95,93
46,Valencia/València,70,Bétera,14551,7233,7318
46,Valencia/València,71,Bicorp,676,331,345
46,Valencia/València,72,Bocairent,4496,2228,2268
46,Valencia/València,73,Bolbaite,1431,752,679
46,Valencia/València,74,Bonrepòs i Mirambell,2252,1117,1135
46,Valencia/València,75,Bufali,197,96,101
46,Valencia/València,76,Bugarra,840,422,418
46,Valencia/València,77,Buñol,9180,4585,4595
46,Valencia/València,78,Burjassot,35682,17386,18296
46,Valencia/València,79,Calles,415,226,189
46,Valencia/València,80,Camporrobles,1387,696,691
46,Valencia/València,81,Canals,13317,6650,6667
46,Valencia/València,82,Canet d'En Berenguer,2673,1309,1364
46,Valencia/València,83,Carcaixent,20678,10124,10554
46,Valencia/València,84,Càrcer,2018,965,1053
46,Valencia/València,85,Carlet,13728,6736,6992
46,Valencia/València,86,Carrícola,78,35,43
46,Valencia/València,87,Casas Altas,155,82,73
46,Valencia/València,88,Casas Bajas,282,154,128
46,Valencia/València,89,Casinos,2358,1213,1145
46,Valencia/València,90,Castelló de Rugat,2063,1067,996
46,Valencia/València,91,Castellonet de la Conquesta,147,82,65
46,Valencia/València,92,Castielfabib,511,275,236
46,Valencia/València,93,Catadau,2351,1184,1167
46,Valencia/València,94,Catarroja,20846,10314,10532
46,Valencia/València,95,Caudete de las Fuentes,809,419,390
46,Valencia/València,96,Cerdà,291,142,149
46,Valencia/València,107,Chella,2511,1249,1262
46,Valencia/València,106,Chelva,2110,1076,1034
46,Valencia/València,108,Chera,548,285,263
46,Valencia/València,109,Cheste,7027,3589,3438
46,Valencia/València,111,Chiva,10126,5061,5065
46,Valencia/València,112,Chulilla,761,377,384
46,Valencia/València,97,Cofrentes,1040,528,512
46,Valencia/València,98,Corbera,3045,1473,1572
46,Valencia/València,99,Cortes de Pallás,814,430,384
46,Valencia/València,100,Cotes,367,165,202
46,Valencia/València,105,Cullera,21109,10498,10611
46,Valencia/València,113,Daimús,1829,924,905
46,Valencia/València,114,Domeño,518,269,249
46,Valencia/València,115,Dos Aguas,403,226,177
46,Valencia/València,116,Eliana (l'),13636,6792,6844
46,Valencia/València,117,Emperador,215,105,110
46,Valencia/València,118,Enguera,5068,2575,2493
46,Valencia/València,119,Ènova (l'),1045,529,516
46,Valencia/València,120,Estivella,1125,532,593
46,Valencia/València,121,Estubeny,148,69,79
46,Valencia/València,122,Faura,2831,1415,1416
46,Valencia/València,123,Favara,1747,856,891
46,Valencia/València,126,Foios,5434,2628,2806
46,Valencia/València,128,Font de la Figuera (la),2108,1071,1037
46,Valencia/València,127,Font d'En Carròs (la),3252,1619,1633
46,Valencia/València,124,Fontanars dels Alforins,968,499,469
46,Valencia/València,125,Fortaleny,994,491,503
46,Valencia/València,129,Fuenterrobles,725,383,342
46,Valencia/València,131,Gandia,60211,29597,30614
46,Valencia/València,902,Gátova,500,234,266
46,Valencia/València,130,Gavarda,1193,577,616
46,Valencia/València,132,Genovés,2412,1198,1214
46,Valencia/València,133,Gestalgar,703,348,355
46,Valencia/València,134,Gilet,1550,772,778
46,Valencia/València,135,Godella,11264,5530,5734
46,Valencia/València,136,Godelleta,2247,1108,1139
46,Valencia/València,137,Granja de la Costera (la),362,171,191
46,Valencia/València,138,Guadasequies,379,196,183
46,Valencia/València,139,Guadassuar,5349,2649,2700
46,Valencia/València,140,Guardamar,69,36,33
46,Valencia/València,141,Higueruelas,553,283,270
46,Valencia/València,142,Jalance,1057,529,528
46,Valencia/València,144,Jarafuel,884,458,426
46,Valencia/València,154,Llanera de Ranes,1072,584,488
46,Valencia/València,155,Llaurí,1347,674,673
46,Valencia/València,147,Llíria,17216,8641,8575
46,Valencia/València,153,Llocnou de Sant Jeroni,574,288,286
46,Valencia/València,151,Llocnou d'En Fenollet,791,391,400
46,Valencia/València,156,Llombai,2250,1134,1116
46,Valencia/València,157,Llosa de Ranes,3656,1887,1769
46,Valencia/València,150,Llutxent,2416,1228,1188
46,Valencia/València,148,Loriguilla,1006,518,488
46,Valencia/València,149,Losa del Obispo,434,211,223
46,Valencia/València,152,Lugar Nuevo de la Corona,95,45,50
46,Valencia/València,158,Macastre,1068,529,539
46,Valencia/València,159,Manises,25897,12787,13110
46,Valencia/València,160,Manuel,2429,1177,1252
46,Valencia/València,161,Marines,1414,734,680
46,Valencia/València,162,Masalavés,1490,762,728
46,Valencia/València,163,Massalfassar,1326,660,666
46,Valencia/València,164,Massamagrell,12899,6339,6560
46,Valencia/València,165,Massanassa,7456,3630,3826
46,Valencia/València,166,Meliana,9090,4440,4650
46,Valencia/València,167,Millares,616,305,311
46,Valencia/València,168,Miramar,1304,644,660
46,Valencia/València,169,Mislata,40943,20051,20892
46,Valencia/València,170,Mogente/Moixent,4300,2193,2107
46,Valencia/València,171,Moncada,18837,9344,9493
46,Valencia/València,172,Monserrat,3253,1680,1573
46,Valencia/València,173,Montaverner,1684,863,821
46,Valencia/València,174,Montesa,1301,660,641
46,Valencia/València,175,Montichelvo,601,305,296
46,Valencia/València,176,Montroy,1591,827,764
46,Valencia/València,177,Museros,4190,2089,2101
46,Valencia/València,178,Náquera,2945,1526,1419
46,Valencia/València,179,Navarrés,2826,1444,1382
46,Valencia/València,180,Novelé/Novetlè,661,321,340
46,Valencia/València,181,Oliva,21768,10770,10998
46,Valencia/València,183,Olleria (l'),7168,3666,3502
46,Valencia/València,182,Olocau,933,497,436
46,Valencia/València,184,Ontinyent,32687,16166,16521
46,Valencia/València,185,Otos,517,262,255
46,Valencia/València,186,Paiporta,18616,9307,9309
46,Valencia/València,187,Palma de Gandía,1593,800,793
46,Valencia/València,188,Palmera,568,287,281
46,Valencia/València,189,Palomar (el),507,252,255
46,Valencia/València,190,Paterna,47687,23610,24077
46,Valencia/València,191,Pedralba,2190,1146,1044
46,Valencia/València,192,Petrés,814,403,411
46,Valencia/València,193,Picanya,8959,4464,4495
46,Valencia/València,194,Picassent,16255,8239,8016
46,Valencia/València,195,Piles,2067,1021,1046
46,Valencia/València,196,Pinet,211,109,102
46,Valencia/València,199,Pobla de Farnals (la),5661,2848,2813
46,Valencia/València,202,Pobla de Vallbona (la),12301,6315,5986
46,Valencia/València,200,Pobla del Duc (la),2453,1188,1265
46,Valencia/València,203,Pobla Llarga (la),4334,2130,2204
46,Valencia/València,197,Polinyà de Xúquer,3035,1493,1542
46,Valencia/València,198,Potríes,929,454,475
46,Valencia/València,205,Puçol,14824,7298,7526
46,Valencia/València,201,Puebla de San Miguel,76,42,34
46,Valencia/València,204,Puig,7249,3566,3683
46,Valencia/València,101,Quart de les Valls,1047,497,550
46,Valencia/València,102,Quart de Poblet,25739,12682,13057
46,Valencia/València,103,Quartell,1360,658,702
46,Valencia/València,104,Quatretonda,2534,1308,1226
46,Valencia/València,206,Quesa,774,392,382
46,Valencia/València,207,Rafelbuñol/Rafelbunyol,5703,2781,2922
46,Valencia/València,208,Rafelcofer,1397,666,731
46,Valencia/València,209,Rafelguaraf,2376,1154,1222
46,Valencia/València,210,Ráfol de Salem,365,171,194
46,Valencia/València,211,Real de Gandía,1814,892,922
46,Valencia/València,212,Real de Montroi,1772,912,860
46,Valencia/València,213,Requena,19391,9754,9637
46,Valencia/València,214,Riba-roja de Túria,13562,6772,6790
46,Valencia/València,215,Riola,1609,805,804
46,Valencia/València,216,Rocafort,5226,2538,2688
46,Valencia/València,217,Rotglá y Corberá,1025,513,512
46,Valencia/València,218,Rótova,1275,648,627
46,Valencia/València,219,Rugat,202,96,106
46,Valencia/València,220,Sagunto/Sagunt,57017,27866,29151
46,Valencia/València,221,Salem,468,238,230
46,Valencia/València,903,San Antonio de Benagéber,2989,1538,1451
46,Valencia/València,222,San Juan de Énova,354,161,193
46,Valencia/València,223,Sedaví,8452,4160,4292
46,Valencia/València,224,Segart,190,88,102
46,Valencia/València,225,Sellent,472,249,223
46,Valencia/València,226,Sempere,37,19,18
46,Valencia/València,227,Senyera,932,449,483
46,Valencia/València,228,Serra,1972,1004,968
46,Valencia/València,229,Siete Aguas,1192,611,581
46,Valencia/València,230,Silla,15635,7910,7725
46,Valencia/València,231,Simat de la Valldigna,3079,1568,1511
46,Valencia/València,232,Sinarcas,1222,628,594
46,Valencia/València,233,Sollana,4487,2193,2294
46,Valencia/València,234,Sot de Chera,339,168,171
46,Valencia/València,235,Sueca,25783,12668,13115
46,Valencia/València,236,Sumacàrcer,1377,700,677
46,Valencia/València,237,Tavernes Blanques,8514,4218,4296
46,Valencia/València,238,Tavernes de la Valldigna,16510,8206,8304
46,Valencia/València,239,Teresa de Cofrentes,675,344,331
46,Valencia/València,240,Terrateig,210,106,104
46,Valencia/València,241,Titaguas,562,301,261
46,Valencia/València,242,Torrebaja,438,226,212
46,Valencia/València,243,Torrella,174,86,88
46,Valencia/València,244,Torrent,65538,32520,33018
46,Valencia/València,245,Torres Torres,451,228,223
46,Valencia/València,246,Tous,1132,551,581
46,Valencia/València,247,Tuéjar,1243,654,589
46,Valencia/València,248,Turís,4804,2459,2345
46,Valencia/València,249,Utiel,11839,5884,5955
46,Valencia/València,250,Valencia,746612,355397,391215
46,Valencia/València,251,Vallada,3117,1570,1547
46,Valencia/València,252,Vallanca,223,108,115
46,Valencia/València,253,Vallés,100,56,44
46,Valencia/València,254,Venta del Moro,1576,807,769
46,Valencia/València,256,Vilamarxant,6151,3158,2993
46,Valencia/València,255,Villalonga,3665,1820,1845
46,Valencia/València,257,Villanueva de Castellón,7012,3450,3562
46,Valencia/València,258,Villar del Arzobispo,3459,1738,1721
46,Valencia/València,259,Villargordo del Cabriel,690,365,325
46,Valencia/València,260,Vinalesa,2378,1128,1250
46,Valencia/València,145,Xàtiva,25996,12684,13312
46,Valencia/València,143,Xeraco,5055,2549,2506
46,Valencia/València,146,Xeresa,1869,947,922
46,Valencia/València,110,Xirivella,26092,12931,13161
46,Valencia/València,261,Yátova,2002,1039,963
46,Valencia/València,262,Yesa (La),279,146,133
46,Valencia/València,263,Zarra,408,220,188
47,Valladolid,1,Adalia,84,42,42
47,Valladolid,2,Aguasal,28,15,13
47,Valladolid,3,Aguilar de Campos,362,190,172
47,Valladolid,4,Alaejos,1581,816,765
47,Valladolid,5,Alcazarén,706,376,330
47,Valladolid,6,Aldea de San Miguel,224,115,109
47,Valladolid,7,Aldeamayor de San Martín,1506,754,752
47,Valladolid,8,Almenara de Adaja,33,17,16
47,Valladolid,9,Amusquillo,171,94,77
47,Valladolid,10,Arroyo de la Encomienda,4085,2117,1968
47,Valladolid,11,Ataquines,875,459,416
47,Valladolid,12,Bahabón,201,100,101
47,Valladolid,13,Barcial de la Loma,160,82,78
47,Valladolid,14,Barruelo del Valle,76,43,33
47,Valladolid,15,Becilla de Valderaduey,405,222,183
47,Valladolid,16,Benafarces,113,56,57
47,Valladolid,17,Bercero,283,148,135
47,Valladolid,18,Berceruelo,45,24,21
47,Valladolid,19,Berrueces,105,59,46
47,Valladolid,20,Bobadilla del Campo,398,205,193
47,Valladolid,21,Bocigas,140,68,72
47,Valladolid,22,Bocos de Duero,84,37,47
47,Valladolid,23,Boecillo,1740,889,851
47,Valladolid,24,Bolaños de Campos,380,192,188
47,Valladolid,25,Brahojos de Medina,182,99,83
47,Valladolid,26,Bustillo de Chaves,90,45,45
47,Valladolid,27,Cabezón de Pisuerga,1848,945,903
47,Valladolid,28,Cabezón de Valderaduey,49,25,24
47,Valladolid,29,Cabreros del Monte,94,52,42
47,Valladolid,30,Campaspero,1427,735,692
47,Valladolid,31,Campillo (El),244,140,104
47,Valladolid,32,Camporredondo,214,121,93
47,Valladolid,33,Canalejas de Peñafiel,283,145,138
47,Valladolid,34,Canillas de Esgueva,131,72,59
47,Valladolid,35,Carpio,1154,609,545
47,Valladolid,36,Casasola de Arión,353,194,159
47,Valladolid,37,Castrejón de Trabancos,258,137,121
47,Valladolid,38,Castrillo de Duero,199,95,104
47,Valladolid,39,Castrillo-Tejeriego,254,135,119
47,Valladolid,40,Castrobol,87,39,48
47,Valladolid,41,Castrodeza,241,128,113
47,Valladolid,42,Castromembibre,85,46,39
47,Valladolid,43,Castromonte,440,227,213
47,Valladolid,44,Castronuevo de Esgueva,324,169,155
47,Valladolid,45,Castronuño,1065,528,537
47,Valladolid,46,Castroponce,186,100,86
47,Valladolid,47,Castroverde de Cerrato,272,159,113
47,Valladolid,48,Ceinos de Campos,273,142,131
47,Valladolid,49,Cervillego de la Cruz,150,74,76
47,Valladolid,50,Cigales,3059,1505,1554
47,Valladolid,51,Ciguñuela,360,193,167
47,Valladolid,52,Cistérniga,4184,2173,2011
47,Valladolid,53,Cogeces de Íscar,151,82,69
47,Valladolid,54,Cogeces del Monte,899,493,406
47,Valladolid,55,Corcos,270,141,129
47,Valladolid,56,Corrales de Duero,137,80,57
47,Valladolid,57,Cubillas de Santa Marta,282,152,130
47,Valladolid,58,Cuenca de Campos,288,142,146
47,Valladolid,59,Curiel de Duero,124,70,54
47,Valladolid,60,Encinas de Esgueva,361,191,170
47,Valladolid,61,Esguevillas de Esgueva,411,211,200
47,Valladolid,62,Fombellida,270,143,127
47,Valladolid,63,Fompedraza,146,77,69
47,Valladolid,64,Fontihoyuelo,40,26,14
47,Valladolid,65,Fresno el Viejo,1235,628,607
47,Valladolid,66,Fuensaldaña,1041,524,517
47,Valladolid,67,Fuente el Sol,298,155,143
47,Valladolid,68,Fuente-Olmedo,63,31,32
47,Valladolid,69,Gallegos de Hornija,146,70,76
47,Valladolid,70,Gatón de Campos,41,26,15
47,Valladolid,71,Geria,481,264,217
47,Valladolid,73,Herrín de Campos,196,91,105
47,Valladolid,74,Hornillos de Eresma,166,90,76
47,Valladolid,75,Íscar,6169,3118,3051
47,Valladolid,76,Laguna de Duero,17811,9044,8767
47,Valladolid,77,Langayo,448,242,206
47,Valladolid,79,Llano de Olmedo,90,48,42
47,Valladolid,78,Lomoviejo,262,128,134
47,Valladolid,80,Manzanillo,60,32,28
47,Valladolid,81,Marzales,79,38,41
47,Valladolid,82,Matapozuelos,991,494,497
47,Valladolid,83,Matilla de los Caños,116,66,50
47,Valladolid,84,Mayorga,1684,822,862
47,Valladolid,86,Medina de Rioseco,5077,2476,2601
47,Valladolid,85,Medina del Campo,20029,9792,10237
47,Valladolid,87,Megeces,454,222,232
47,Valladolid,88,Melgar de Abajo,178,91,87
47,Valladolid,89,Melgar de Arriba,298,151,147
47,Valladolid,90,Mojados,2697,1339,1358
47,Valladolid,91,Monasterio de Vega,114,65,49
47,Valladolid,92,Montealegre de Campos,157,86,71
47,Valladolid,93,Montemayor de Pililla,1045,554,491
47,Valladolid,94,Moral de la Reina,224,115,109
47,Valladolid,95,Moraleja de las Panaderas,34,22,12
47,Valladolid,96,Morales de Campos,198,100,98
47,Valladolid,97,Mota del Marqués,441,211,230
47,Valladolid,98,Mucientes,613,309,304
47,Valladolid,99,Mudarra (La),255,137,118
47,Valladolid,100,Muriel,214,108,106
47,Valladolid,101,Nava del Rey,2237,1105,1132
47,Valladolid,102,Nueva Villa de las Torres,416,233,183
47,Valladolid,103,Olivares de Duero,336,187,149
47,Valladolid,104,Olmedo,3439,1660,1779
47,Valladolid,105,Olmos de Esgueva,184,102,82
47,Valladolid,106,Olmos de Peñafiel,84,43,41
47,Valladolid,109,Palazuelo de Vedija,257,132,125
47,Valladolid,110,Parrilla (La),623,298,325
47,Valladolid,111,Pedraja de Portillo (La),1098,557,541
47,Valladolid,112,Pedrajas de San Esteban,3224,1629,1595
47,Valladolid,113,Pedrosa del Rey,232,124,108
47,Valladolid,114,Peñafiel,5127,2540,2587
47,Valladolid,115,Peñaflor de Hornija,439,238,201
47,Valladolid,116,Pesquera de Duero,531,277,254
47,Valladolid,117,Piña de Esgueva,391,199,192
47,Valladolid,118,Piñel de Abajo,218,118,100
47,Valladolid,119,Piñel de Arriba,148,73,75
47,Valladolid,121,Pollos,800,409,391
47,Valladolid,122,Portillo,2487,1268,1219
47,Valladolid,123,Pozal de Gallinas,500,269,231
47,Valladolid,124,Pozaldez,514,256,258
47,Valladolid,125,Pozuelo de la Orden,77,44,33
47,Valladolid,126,Puras,64,29,35
47,Valladolid,127,Quintanilla de Arriba,228,122,106
47,Valladolid,129,Quintanilla de Onésimo,1159,595,564
47,Valladolid,130,Quintanilla de Trigueros,113,57,56
47,Valladolid,128,Quintanilla del Molar,91,39,52
47,Valladolid,131,Rábano,250,126,124
47,Valladolid,132,Ramiro,79,45,34
47,Valladolid,133,Renedo de Esgueva,1146,605,541
47,Valladolid,134,Roales de Campos,252,130,122
47,Valladolid,135,Robladillo,106,51,55
47,Valladolid,137,Roturas,32,17,15
47,Valladolid,138,Rubí de Bracamonte,327,169,158
47,Valladolid,139,Rueda,1423,732,691
47,Valladolid,140,Saelices de Mayorga,191,99,92
47,Valladolid,141,Salvador de Zapardiel,192,105,87
47,Valladolid,142,San Cebrián de Mazote,209,112,97
47,Valladolid,143,San Llorente,202,110,92
47,Valladolid,144,San Martín de Valvení,104,57,47
47,Valladolid,145,San Miguel del Arroyo,806,417,389
47,Valladolid,146,San Miguel del Pino,235,122,113
47,Valladolid,147,San Pablo de la Moraleja,175,93,82
47,Valladolid,148,San Pedro de Latarce,633,341,292
47,Valladolid,149,San Pelayo,45,24,21
47,Valladolid,150,San Román de Hornija,430,210,220
47,Valladolid,151,San Salvador,47,25,22
47,Valladolid,156,San Vicente del Palacio,243,126,117
47,Valladolid,152,Santa Eufemia del Arroyo,132,65,67
47,Valladolid,153,Santervás de Campos,170,93,77
47,Valladolid,154,Santibáñez de Valcorba,201,98,103
47,Valladolid,155,Santovenia de Pisuerga,2418,1218,1200
47,Valladolid,157,Sardón de Duero,643,326,317
47,Valladolid,158,Seca (La),1050,553,497
47,Valladolid,159,Serrada,1064,553,511
47,Valladolid,160,Siete Iglesias de Trabancos,608,310,298
47,Valladolid,161,Simancas,3678,1877,1801
47,Valladolid,162,Tamariz de Campos,108,56,52
47,Valladolid,163,Tiedra,410,202,208
47,Valladolid,164,Tordehumos,535,271,264
47,Valladolid,165,Tordesillas,8150,4113,4037
47,Valladolid,169,Torre de Esgueva,99,47,52
47,Valladolid,170,Torre de Peñafiel,54,30,24
47,Valladolid,166,Torrecilla de la Abadesa,349,177,172
47,Valladolid,167,Torrecilla de la Orden,358,178,180
47,Valladolid,168,Torrecilla de la Torre,35,20,15
47,Valladolid,171,Torrelobatón,579,287,292
47,Valladolid,172,Torrescárcela,163,84,79
47,Valladolid,173,Traspinedo,836,440,396
47,Valladolid,174,Trigueros del Valle,295,153,142
47,Valladolid,175,Tudela de Duero,6654,3404,3250
47,Valladolid,176,Unión de Campos (La),327,165,162
47,Valladolid,177,Urones de Castroponce,155,83,72
47,Valladolid,178,Urueña,211,112,99
47,Valladolid,179,Valbuena de Duero,525,272,253
47,Valladolid,180,Valdearcos de la Vega,136,68,68
47,Valladolid,181,Valdenebro de los Valles,227,115,112
47,Valladolid,182,Valdestillas,1583,795,788
47,Valladolid,183,Valdunquillo,223,102,121
47,Valladolid,186,Valladolid,318293,152809,165484
47,Valladolid,184,Valoria la Buena,635,327,308
47,Valladolid,185,Valverde de Campos,117,64,53
47,Valladolid,187,Vega de Ruiponce,131,64,67
47,Valladolid,188,Vega de Valdetronco,183,98,85
47,Valladolid,189,Velascálvaro,197,103,94
47,Valladolid,190,Velilla,150,76,74
47,Valladolid,191,Velliza,175,104,71
47,Valladolid,192,Ventosa de la Cuesta,157,86,71
47,Valladolid,193,Viana de Cega,1586,820,766
47,Valladolid,195,Villabáñez,465,253,212
47,Valladolid,196,Villabaruz de Campos,46,22,24
47,Valladolid,197,Villabrágima,1203,622,581
47,Valladolid,198,Villacarralón,110,55,55
47,Valladolid,199,Villacid de Campos,117,64,53
47,Valladolid,200,Villaco,125,75,50
47,Valladolid,203,Villafrades de Campos,108,48,60
47,Valladolid,204,Villafranca de Duero,366,185,181
47,Valladolid,205,Villafrechós,524,272,252
47,Valladolid,206,Villafuerte,151,76,75
47,Valladolid,207,Villagarcía de Campos,431,226,205
47,Valladolid,208,Villagómez la Nueva,93,45,48
47,Valladolid,209,Villalán de Campos,57,30,27
47,Valladolid,210,Villalar de los Comuneros,500,239,261
47,Valladolid,211,Villalba de la Loma,45,26,19
47,Valladolid,212,Villalba de los Alcores,574,305,269
47,Valladolid,213,Villalbarba,165,83,82
47,Valladolid,214,Villalón de Campos,2056,1002,1054
47,Valladolid,215,Villamuriel de Campos,86,39,47
47,Valladolid,216,Villán de Tordesillas,180,90,90
47,Valladolid,217,Villanubla,1026,541,485
47,Valladolid,218,Villanueva de Duero,995,517,478
47,Valladolid,219,Villanueva de la Condesa,40,24,16
47,Valladolid,220,Villanueva de los Caballeros,257,121,136
47,Valladolid,221,Villanueva de los Infantes,144,76,68
47,Valladolid,222,Villanueva de San Mancio,108,59,49
47,Valladolid,223,Villardefrades,229,120,109
47,Valladolid,224,Villarmentero de Esgueva,126,62,64
47,Valladolid,225,Villasexmir,121,63,58
47,Valladolid,226,Villavaquerín,215,112,103
47,Valladolid,227,Villavellid,71,38,33
47,Valladolid,228,Villaverde de Medina,584,312,272
47,Valladolid,229,Villavicencio de los Caballeros,318,144,174
47,Valladolid,194,Viloria,373,200,173
47,Valladolid,230,Wamba,377,196,181
47,Valladolid,231,Zaratán,1602,826,776
47,Valladolid,232,Zarza (La),154,77,77
48,Vizcaya,1,Abadiño,6841,3423,3418
48,Vizcaya,2,Abanto y Ciérvana-Abanto Zierbena,9033,4479,4554
48,Vizcaya,911,Ajangiz,414,208,206
48,Vizcaya,912,Alonsotegi,2703,1299,1404
48,Vizcaya,3,Amorebieta-Etxano,16302,8115,8187
48,Vizcaya,4,Amoroto,367,193,174
48,Vizcaya,5,Arakaldo,88,53,35
48,Vizcaya,6,Arantzazu,290,139,151
48,Vizcaya,8,Arcentales,668,369,299
48,Vizcaya,93,Areatza,1046,473,573
48,Vizcaya,9,Arrankudiaga,764,366,398
48,Vizcaya,914,Arratzu,380,189,191
48,Vizcaya,10,Arrieta,517,263,254
48,Vizcaya,11,Arrigorriaga,10715,5272,5443
48,Vizcaya,23,Artea,653,320,333
48,Vizcaya,91,Atxondo,1445,738,707
48,Vizcaya,70,Aulesti,652,334,318
48,Vizcaya,12,Bakio,1671,839,832
48,Vizcaya,90,Balmaseda,7026,3409,3617
48,Vizcaya,13,Barakaldo,96421,47073,49348
48,Vizcaya,14,Barrika,1170,589,581
48,Vizcaya,15,Basauri,46669,23110,23559
48,Vizcaya,92,Bedia,977,487,490
48,Vizcaya,16,Berango,5040,2496,2544
48,Vizcaya,17,Bermeo,16907,8299,8608
48,Vizcaya,18,Berriatua,944,491,453
48,Vizcaya,19,Berriz,4212,2138,2074
48,Vizcaya,20,Bilbao,353943,167669,186274
48,Vizcaya,21,Busturia,1670,840,830
48,Vizcaya,22,Carranza,2980,1565,1415
48,Vizcaya,901,Derio,4793,2411,2382
48,Vizcaya,26,Dima,1049,533,516
48,Vizcaya,27,Durango,25082,12208,12874
48,Vizcaya,28,Ea,813,401,412
48,Vizcaya,31,Elantxobe,457,206,251
48,Vizcaya,32,Elorrio,7176,3565,3611
48,Vizcaya,902,Erandio,22729,11241,11488
48,Vizcaya,33,Ereño,253,123,130
48,Vizcaya,34,Ermua,17011,8681,8330
48,Vizcaya,79,Errigoiti,476,269,207
48,Vizcaya,29,"Etxebarri, Anteiglesia de San Esteban-Etxebarri Doneztebeko Elizatea",6885,3517,3368
48,Vizcaya,30,Etxebarria,798,417,381
48,Vizcaya,906,Forua,991,505,486
48,Vizcaya,35,Fruiz,345,169,176
48,Vizcaya,36,Galdakao,29530,14617,14913
48,Vizcaya,37,Galdames,814,426,388
48,Vizcaya,38,Gamiz-Fika,1191,601,590
48,Vizcaya,39,Garay,240,121,119
48,Vizcaya,40,Gatika,1253,640,613
48,Vizcaya,41,Gautegiz Arteaga,848,428,420
48,Vizcaya,46,Gernika-Lumo,15433,7494,7939
48,Vizcaya,44,Getxo,83955,40081,43874
48,Vizcaya,47,Gizaburuaga,145,72,73
48,Vizcaya,42,Gordexola,1415,709,706
48,Vizcaya,43,Gorliz,4386,2170,2216
48,Vizcaya,45,Güeñes,5887,2880,3007
48,Vizcaya,48,Ibarrangelu,538,259,279
48,Vizcaya,94,Igorre,3927,1966,1961
48,Vizcaya,49,Ispaster,606,318,288
48,Vizcaya,910,Iurreta,4252,2115,2137
48,Vizcaya,50,Izurtza,258,126,132
48,Vizcaya,907,Kortezubi,379,195,184
48,Vizcaya,51,Lanestosa,290,148,142
48,Vizcaya,52,Larrabetzu,1559,780,779
48,Vizcaya,53,Laukiz,1005,519,486
48,Vizcaya,54,Leioa,28046,13793,14253
48,Vizcaya,57,Lekeitio,7435,3688,3747
48,Vizcaya,55,Lemoa,2612,1297,1315
48,Vizcaya,56,Lemoiz,897,481,416
48,Vizcaya,81,Lezama,2141,1087,1054
48,Vizcaya,903,Loiu,2016,1016,1000
48,Vizcaya,58,Mallabia,1114,587,527
48,Vizcaya,59,Mañaria,458,240,218
48,Vizcaya,60,Markina-Xemein,4689,2346,2343
48,Vizcaya,61,Maruri-Jatabe,645,316,329
48,Vizcaya,62,Mendata,341,183,158
48,Vizcaya,63,Mendexa,352,188,164
48,Vizcaya,64,Meñaka,518,259,259
48,Vizcaya,66,Morga,406,221,185
48,Vizcaya,68,Mundaka,1843,891,952
48,Vizcaya,69,Mungia,13772,6746,7026
48,Vizcaya,7,Munitibar-Arbatzegi Gerrikaitz,401,217,184
48,Vizcaya,908,Murueta,222,117,105
48,Vizcaya,71,Muskiz,6275,3085,3190
48,Vizcaya,67,Muxika,1341,698,643
48,Vizcaya,909,Nabarniz,222,109,113
48,Vizcaya,73,Ondarroa,9845,4962,4883
48,Vizcaya,74,Orduña,3919,1993,1926
48,Vizcaya,75,Orozko,2101,1074,1027
48,Vizcaya,83,Ortuella,8785,4285,4500
48,Vizcaya,72,Otxandio,1012,533,479
48,Vizcaya,77,Plentzia,3622,1771,1851
48,Vizcaya,78,Portugalete,52111,25393,26718
48,Vizcaya,82,Santurtzi,47736,23345,24391
48,Vizcaya,84,Sestao,32533,15853,16680
48,Vizcaya,904,Sondika,4001,1947,2054
48,Vizcaya,85,Sopelana,10371,5175,5196
48,Vizcaya,86,Sopuerta,2229,1136,1093
48,Vizcaya,76,Sukarrieta,317,166,151
48,Vizcaya,87,Trucios-Turtzioz,537,260,277
48,Vizcaya,88,Ubide,168,87,81
48,Vizcaya,65,Ugao-Miraballes,4120,2069,2051
48,Vizcaya,89,Urduliz,3094,1559,1535
48,Vizcaya,80,Valle de Trápaga-Trapagaran,12586,6212,6374
48,Vizcaya,95,Zaldibar,2879,1403,1476
48,Vizcaya,96,Zalla,7740,3810,3930
48,Vizcaya,905,Zamudio,2898,1455,1443
48,Vizcaya,97,Zaratamo,1695,863,832
48,Vizcaya,24,Zeanuri,1156,600,556
48,Vizcaya,25,Zeberio,961,505,456
48,Vizcaya,913,Zierbena,1177,632,545
49,Zamora,2,Abezames,107,54,53
49,Zamora,3,Alcañices,1176,585,591
49,Zamora,4,Alcubilla de Nogales,201,100,101
49,Zamora,5,Alfaraz de Sayago,207,113,94
49,Zamora,6,Algodre,191,95,96
49,Zamora,7,Almaraz de Duero,464,235,229
49,Zamora,8,Almeida de Sayago,667,330,337
49,Zamora,9,Andavías,499,245,254
49,Zamora,10,Arcenillas,304,153,151
49,Zamora,11,Arcos de la Polvorosa,291,150,141
49,Zamora,12,Argañín,97,45,52
49,Zamora,13,Argujillo,380,195,185
49,Zamora,14,Arquillinos,177,93,84
49,Zamora,15,Arrabalde,389,189,200
49,Zamora,16,Aspariegos,370,182,188
49,Zamora,17,Asturianos,344,173,171
49,Zamora,18,Ayoó de Vidriales,465,233,232
49,Zamora,19,Barcial del Barco,301,169,132
49,Zamora,20,Belver de los Montes,474,251,223
49,Zamora,21,Benavente,16844,8175,8669
49,Zamora,22,Benegiles,405,214,191
49,Zamora,23,Bermillo de Sayago,1405,732,673
49,Zamora,24,Bóveda de Toro (La),975,490,485
49,Zamora,25,Bretó,244,128,116
49,Zamora,26,Bretocino,321,170,151
49,Zamora,27,Brime de Sog,246,112,134
49,Zamora,28,Brime de Urz,146,80,66
49,Zamora,29,Burganes de Valverde,882,458,424
49,Zamora,30,Bustillo del Oro,150,74,76
49,Zamora,31,Cabañas de Sayago,196,95,101
49,Zamora,32,Calzadilla de Tera,500,246,254
49,Zamora,33,Camarzana de Tera,1051,513,538
49,Zamora,34,Cañizal,633,335,298
49,Zamora,35,Cañizo,322,162,160
49,Zamora,36,Carbajales de Alba,687,342,345
49,Zamora,37,Carbellino,270,135,135
49,Zamora,38,Casaseca de Campeán,154,83,71
49,Zamora,39,Casaseca de las Chanas,360,183,177
49,Zamora,40,Castrillo de la Guareña,160,77,83
49,Zamora,41,Castrogonzalo,548,297,251
49,Zamora,42,Castronuevo,355,179,176
49,Zamora,43,Castroverde de Campos,413,209,204
49,Zamora,44,Cazurra,96,53,43
49,Zamora,46,Cerecinos de Campos,421,218,203
49,Zamora,47,Cerecinos del Carrizal,155,84,71
49,Zamora,48,Cernadilla,179,86,93
49,Zamora,50,Cobreros,792,393,399
49,Zamora,52,Coomonte,325,165,160
49,Zamora,53,Coreses,1190,603,587
49,Zamora,54,Corrales,1134,546,588
49,Zamora,55,Cotanes del Monte,162,85,77
49,Zamora,56,Cubillos,398,203,195
49,Zamora,57,Cubo de Benavente,176,92,84
49,Zamora,58,Cubo de Tierra del Vino (El),465,238,227
49,Zamora,59,Cuelgamures,140,79,61
49,Zamora,61,Entrala,159,79,80
49,Zamora,62,Espadañedo,209,104,105
49,Zamora,63,Faramontanos de Tábara,499,250,249
49,Zamora,64,Fariza,727,361,366
49,Zamora,65,Fermoselle,1625,826,799
49,Zamora,66,Ferreras de Abajo,618,304,314
49,Zamora,67,Ferreras de Arriba,528,265,263
49,Zamora,68,Ferreruela,652,336,316
49,Zamora,69,Figueruela de Arriba,559,270,289
49,Zamora,71,Fonfría,1167,596,571
49,Zamora,75,Fresno de la Polvorosa,210,100,110
49,Zamora,76,Fresno de la Ribera,431,231,200
49,Zamora,77,Fresno de Sayago,258,126,132
49,Zamora,78,Friera de Valverde,265,134,131
49,Zamora,79,Fuente Encalada,142,72,70
49,Zamora,80,Fuentelapeña,1013,518,495
49,Zamora,82,Fuentes de Ropel,574,296,278
49,Zamora,81,Fuentesaúco,1868,949,919
49,Zamora,83,Fuentesecas,86,39,47
49,Zamora,84,Fuentespreadas,398,218,180
49,Zamora,85,Galende,1360,670,690
49,Zamora,86,Gallegos del Pan,162,85,77
49,Zamora,87,Gallegos del Río,832,437,395
49,Zamora,88,Gamones,98,58,40
49,Zamora,90,Gema,267,129,138
49,Zamora,91,Granja de Moreruela,372,186,186
49,Zamora,92,Granucillo,250,128,122
49,Zamora,93,Guarrate,366,192,174
49,Zamora,94,Hermisende,446,240,206
49,Zamora,95,Hiniesta (La),380,185,195
49,Zamora,96,Jambrina,254,123,131
49,Zamora,97,Justel,168,92,76
49,Zamora,98,Losacino,334,181,153
49,Zamora,99,Losacio,156,85,71
49,Zamora,100,Lubián,367,177,190
49,Zamora,101,Luelmo,251,130,121
49,Zamora,102,Maderal (El),295,153,142
49,Zamora,103,Madridanos,555,273,282
49,Zamora,104,Mahide,546,284,262
49,Zamora,105,Maire de Castroponce,249,127,122
49,Zamora,107,Malva,223,116,107
49,Zamora,108,Manganeses de la Lampreana,773,390,383
49,Zamora,109,Manganeses de la Polvorosa,871,427,444
49,Zamora,110,Manzanal de Arriba,473,237,236
49,Zamora,112,Manzanal de los Infantes,188,96,92
49,Zamora,111,Manzanal del Barco,205,107,98
49,Zamora,113,Matilla de Arzón,264,146,118
49,Zamora,114,Matilla la Seca,72,35,37
49,Zamora,115,Mayalde,246,124,122
49,Zamora,116,Melgar de Tera,586,287,299
49,Zamora,117,Micereces de Tera,644,332,312
49,Zamora,118,Milles de la Polvorosa,277,140,137
49,Zamora,119,Molacillos,299,156,143
49,Zamora,120,Molezuelas de la Carballeda,111,57,54
49,Zamora,121,Mombuey,487,242,245
49,Zamora,122,Monfarracinos,605,328,277
49,Zamora,123,Montamarta,673,334,339
49,Zamora,124,Moral de Sayago,386,209,177
49,Zamora,126,Moraleja de Sayago,296,154,142
49,Zamora,125,Moraleja del Vino,1307,692,615
49,Zamora,128,Morales de Rey,751,362,389
49,Zamora,129,Morales de Toro,1058,528,530
49,Zamora,130,Morales de Valverde,292,139,153
49,Zamora,127,Morales del Vino,1703,872,831
49,Zamora,131,Moralina,369,185,184
49,Zamora,132,Moreruela de los Infanzones,472,243,229
49,Zamora,133,Moreruela de Tábara,526,275,251
49,Zamora,134,Muelas de los Caballeros,254,138,116
49,Zamora,135,Muelas del Pan,884,441,443
49,Zamora,136,Muga de Sayago,500,241,259
49,Zamora,137,Navianos de Valverde,262,140,122
49,Zamora,138,Olmillos de Castro,409,215,194
49,Zamora,139,Otero de Bodas,256,139,117
49,Zamora,141,Pajares de la Lampreana,491,242,249
49,Zamora,143,Palacios de Sanabria,329,160,169
49,Zamora,142,Palacios del Pan,240,104,136
49,Zamora,145,Pedralba de la Pradería,297,144,153
49,Zamora,146,Pego (El),443,225,218
49,Zamora,147,Peleagonzalo,438,227,211
49,Zamora,148,Peleas de Abajo,295,132,163
49,Zamora,149,Peñausende,565,284,281
49,Zamora,150,Peque,205,101,104
49,Zamora,151,Perdigón (El),755,388,367
49,Zamora,152,Pereruela,727,363,364
49,Zamora,153,Perilla de Castro,263,133,130
49,Zamora,154,Pías,222,112,110
49,Zamora,155,Piedrahita de Castro,150,82,68
49,Zamora,156,Pinilla de Toro,371,182,189
49,Zamora,157,Pino,239,127,112
49,Zamora,158,Piñero (El),304,161,143
49,Zamora,160,Pobladura de Valderaduey,79,37,42
49,Zamora,159,Pobladura del Valle,337,168,169
49,Zamora,162,Porto,329,173,156
49,Zamora,163,Pozoantiguo,346,176,170
49,Zamora,164,Pozuelo de Tábara,241,116,125
49,Zamora,165,Prado,100,51,49
49,Zamora,166,Puebla de Sanabria,1577,757,820
49,Zamora,167,Pueblica de Valverde,317,160,157
49,Zamora,170,Quintanilla de Urz,151,78,73
49,Zamora,168,Quintanilla del Monte,146,67,79
49,Zamora,169,Quintanilla del Olmo,61,28,33
49,Zamora,171,Quiruelas de Vidriales,972,460,512
49,Zamora,172,Rabanales,835,436,399
49,Zamora,173,Rábano de Aliste,480,244,236
49,Zamora,174,Requejo,194,92,102
49,Zamora,175,Revellinos,334,182,152
49,Zamora,176,Riofrío de Aliste,1065,555,510
49,Zamora,177,Rionegro del Puente,402,200,202
49,Zamora,178,Roales,439,229,210
49,Zamora,179,Robleda-Cervantes,448,217,231
49,Zamora,180,Roelos de Sayago,157,85,72
49,Zamora,181,Rosinos de la Requejada,508,243,265
49,Zamora,183,Salce,138,74,64
49,Zamora,184,Samir de los Caños,233,121,112
49,Zamora,185,San Agustín del Pozo,209,112,97
49,Zamora,186,San Cebrián de Castro,383,182,201
49,Zamora,187,San Cristóbal de Entreviñas,1618,817,801
49,Zamora,188,San Esteban del Molar,183,98,85
49,Zamora,189,San Justo,368,180,188
49,Zamora,190,San Martín de Valderaduey,94,46,48
49,Zamora,191,San Miguel de la Ribera,394,195,199
49,Zamora,192,San Miguel del Valle,224,105,119
49,Zamora,193,San Pedro de Ceque,693,341,352
49,Zamora,194,San Pedro de la Nave-Almendra,517,253,264
49,Zamora,208,San Vicente de la Cabeza,613,323,290
49,Zamora,209,San Vitero,718,382,336
49,Zamora,197,Santa Clara de Avedillo,256,123,133
49,Zamora,199,Santa Colomba de las Monjas,330,171,159
49,Zamora,200,Santa Cristina de la Polvorosa,1267,656,611
49,Zamora,201,Santa Croya de Tera,473,234,239
49,Zamora,202,Santa Eufemia del Barco,292,163,129
49,Zamora,203,Santa María de la Vega,492,256,236
49,Zamora,204,Santa María de Valverde,101,48,53
49,Zamora,205,Santibáñez de Tera,611,298,313
49,Zamora,206,Santibáñez de Vidriales,1363,672,691
49,Zamora,207,Santovenia,412,199,213
49,Zamora,210,Sanzoles,691,355,336
49,Zamora,214,Tábara,946,485,461
49,Zamora,216,Tapioles,246,131,115
49,Zamora,219,Toro,9224,4481,4743
49,Zamora,220,Torre del Valle (La),185,102,83
49,Zamora,221,Torregamones,344,172,172
49,Zamora,222,Torres del Carrizal,513,267,246
49,Zamora,223,Trabazos,952,479,473
49,Zamora,224,Trefacio,239,121,118
49,Zamora,225,Uña de Quintana,231,112,119
49,Zamora,226,Vadillo de la Guareña,378,196,182
49,Zamora,227,Valcabado,352,176,176
49,Zamora,228,Valdefinjas,103,59,44
49,Zamora,229,Valdescorriel,199,107,92
49,Zamora,230,Vallesa de la Guareña,178,96,82
49,Zamora,231,Vega de Tera,504,243,261
49,Zamora,232,Vega de Villalobos,162,72,90
49,Zamora,233,Vegalatrave,147,75,72
49,Zamora,234,Venialbo,535,279,256
49,Zamora,235,Vezdemarbán,688,338,350
49,Zamora,236,Vidayanes,113,54,59
49,Zamora,237,Videmala,197,94,103
49,Zamora,238,Villabrázaro,364,182,182
49,Zamora,239,Villabuena del Puente,973,513,460
49,Zamora,240,Villadepera,266,128,138
49,Zamora,241,Villaescusa,376,191,185
49,Zamora,242,Villafáfila,665,336,329
49,Zamora,243,Villaferrueña,159,82,77
49,Zamora,244,Villageriz,70,37,33
49,Zamora,245,Villalazán,390,192,198
49,Zamora,246,Villalba de la Lampreana,319,163,156
49,Zamora,247,Villalcampo,644,329,315
49,Zamora,248,Villalobos,315,151,164
49,Zamora,249,Villalonso,129,66,63
49,Zamora,250,Villalpando,1688,828,860
49,Zamora,251,Villalube,311,155,156
49,Zamora,252,Villamayor de Campos,552,280,272
49,Zamora,255,Villamor de los Escuderos,579,292,287
49,Zamora,256,Villanázar,378,180,198
49,Zamora,257,Villanueva de Azoague,357,183,174
49,Zamora,258,Villanueva de Campeán,192,96,96
49,Zamora,259,Villanueva de las Peras,191,100,91
49,Zamora,260,Villanueva del Campo,1084,539,545
49,Zamora,263,Villar de Fallaves,105,56,49
49,Zamora,264,Villar del Buey,833,446,387
49,Zamora,261,Villaralbo,1622,816,806
49,Zamora,262,Villardeciervos,527,248,279
49,Zamora,265,Villardiegua de la Ribera,160,77,83
49,Zamora,266,Villárdiga,109,57,52
49,Zamora,267,Villardondiego,123,65,58
49,Zamora,268,Villarrín de Campos,634,337,297
49,Zamora,269,Villaseco del Pan,316,150,166
49,Zamora,270,Villavendimio,201,113,88
49,Zamora,272,Villaveza de Valverde,143,74,69
49,Zamora,271,Villaveza del Agua,277,143,134
49,Zamora,273,Viñas,288,144,144
49,Zamora,275,Zamora,65633,31156,34477
50,Zaragoza,1,Abanto,179,96,83
50,Zaragoza,2,Acered,267,136,131
50,Zaragoza,3,Agón,188,102,86
50,Zaragoza,4,Aguarón,778,382,396
50,Zaragoza,5,Aguilón,289,141,148
50,Zaragoza,6,Ainzón,1228,641,587
50,Zaragoza,7,Aladrén,79,42,37
50,Zaragoza,8,Alagón,5636,2831,2805
50,Zaragoza,9,Alarba,158,88,70
50,Zaragoza,10,Alberite de San Juan,91,50,41
50,Zaragoza,11,Albeta,121,58,63
50,Zaragoza,12,Alborge,136,69,67
50,Zaragoza,13,Alcalá de Ebro,294,138,156
50,Zaragoza,14,Alcalá de Moncayo,143,75,68
50,Zaragoza,15,Alconchel de Ariza,160,87,73
50,Zaragoza,16,Aldehuela de Liestos,58,30,28
50,Zaragoza,17,Alfajarín,1538,792,746
50,Zaragoza,18,Alfamén,1378,754,624
50,Zaragoza,19,Alforque,85,46,39
50,Zaragoza,20,Alhama de Aragón,1171,570,601
50,Zaragoza,21,Almochuel,48,25,23
50,Zaragoza,22,Almolda (La),690,349,341
50,Zaragoza,23,Almonacid de la Cuba,337,168,169
50,Zaragoza,24,Almonacid de la Sierra,861,452,409
50,Zaragoza,25,Almunia de Doña Godina (La),5875,3056,2819
50,Zaragoza,26,Alpartir,622,327,295
50,Zaragoza,27,Ambel,355,159,196
50,Zaragoza,28,Anento,110,73,37
50,Zaragoza,29,Aniñón,888,470,418
50,Zaragoza,30,Añón de Moncayo,300,175,125
50,Zaragoza,31,Aranda de Moncayo,240,130,110
50,Zaragoza,32,Arándiga,481,243,238
50,Zaragoza,33,Ardisa,81,46,35
50,Zaragoza,34,Ariza,1325,691,634
50,Zaragoza,35,Artieda,106,61,45
50,Zaragoza,36,Asín,99,50,49
50,Zaragoza,37,Atea,228,127,101
50,Zaragoza,38,Ateca,2001,991,1010
50,Zaragoza,39,Azuara,705,376,329
50,Zaragoza,40,Badules,122,65,57
50,Zaragoza,41,Bagüés,42,22,20
50,Zaragoza,42,Balconchán,25,12,13
50,Zaragoza,43,Bárboles,326,170,156
50,Zaragoza,44,Bardallur,293,139,154
50,Zaragoza,45,Belchite,1629,846,783
50,Zaragoza,46,Belmonte de Gracián,279,147,132
50,Zaragoza,47,Berdejo,66,39,27
50,Zaragoza,48,Berrueco,40,23,17
50,Zaragoza,901,Biel,255,138,117
50,Zaragoza,50,Bijuesca,128,72,56
50,Zaragoza,51,Biota,1218,622,596
50,Zaragoza,52,Bisimbre,127,55,72
50,Zaragoza,53,Boquiñeni,989,499,490
50,Zaragoza,54,Bordalba,99,57,42
50,Zaragoza,55,Borja,4264,2098,2166
50,Zaragoza,56,Botorrita,487,257,230
50,Zaragoza,57,Brea de Aragón,1976,991,985
50,Zaragoza,58,Bubierca,108,53,55
50,Zaragoza,59,Bujaraloz,1003,531,472
50,Zaragoza,60,Bulbuente,266,144,122
50,Zaragoza,61,Bureta,317,160,157
50,Zaragoza,62,Burgo de Ebro (El),1600,817,783
50,Zaragoza,63,Buste (El),108,55,53
50,Zaragoza,64,Cabañas de Ebro,544,284,260
50,Zaragoza,65,Cabolafuente,80,47,33
50,Zaragoza,66,Cadrete,1729,931,798
50,Zaragoza,67,Calatayud,17970,8806,9164
50,Zaragoza,68,Calatorao,2810,1473,1337
50,Zaragoza,69,Calcena,87,46,41
50,Zaragoza,70,Calmarza,94,49,45
50,Zaragoza,71,Campillo de Aragón,183,101,82
50,Zaragoza,72,Carenas,215,108,107
50,Zaragoza,73,Cariñena,2860,1473,1387
50,Zaragoza,74,Caspe,7593,3719,3874
50,Zaragoza,75,Castejón de Alarba,112,60,52
50,Zaragoza,76,Castejón de las Armas,128,65,63
50,Zaragoza,77,Castejón de Valdejasa,331,172,159
50,Zaragoza,78,Castiliscar,406,210,196
50,Zaragoza,79,Cervera de la Cañada,341,169,172
50,Zaragoza,80,Cerveruela,26,22,4
50,Zaragoza,81,Cetina,721,350,371
50,Zaragoza,92,Chiprana,374,185,189
50,Zaragoza,93,Chodes,117,55,62
50,Zaragoza,82,Cimballa,165,83,82
50,Zaragoza,83,Cinco Olivas,135,66,69
50,Zaragoza,84,Clarés de Ribota,111,58,53
50,Zaragoza,85,Codo,275,136,139
50,Zaragoza,86,Codos,285,172,113
50,Zaragoza,87,Contamina,60,33,27
50,Zaragoza,88,Cosuenda,415,216,199
50,Zaragoza,89,Cuarte de Huerva,1953,1021,932
50,Zaragoza,90,Cubel,236,116,120
50,Zaragoza,91,Cuerlas (Las),94,48,46
50,Zaragoza,94,Daroca,2242,1117,1125
50,Zaragoza,95,Ejea de los Caballeros,15901,8198,7703
50,Zaragoza,96,Embid de Ariza,67,34,33
50,Zaragoza,98,Encinacorba,319,168,151
50,Zaragoza,99,Épila,4019,2064,1955
50,Zaragoza,100,Erla,456,223,233
50,Zaragoza,101,Escatrón,1259,615,644
50,Zaragoza,102,Fabara,1227,644,583
50,Zaragoza,104,Farlete,459,229,230
50,Zaragoza,105,Fayón,384,203,181
50,Zaragoza,106,Fayos (Los),182,96,86
50,Zaragoza,107,Figueruelas,1024,513,511
50,Zaragoza,108,Fombuena,18,13,5
50,Zaragoza,109,Frago (El),139,83,56
50,Zaragoza,110,Frasno (El),551,293,258
50,Zaragoza,111,Fréscano,243,121,122
50,Zaragoza,113,Fuendejalón,853,431,422
50,Zaragoza,114,Fuendetodos,187,94,93
50,Zaragoza,115,Fuentes de Ebro,3934,2062,1872
50,Zaragoza,116,Fuentes de Jiloca,344,182,162
50,Zaragoza,117,Gallocanta,163,83,80
50,Zaragoza,118,Gallur,2945,1507,1438
50,Zaragoza,119,Gelsa,1239,626,613
50,Zaragoza,120,Godojos,70,33,37
50,Zaragoza,121,Gotor,391,210,181
50,Zaragoza,122,Grisel,64,40,24
50,Zaragoza,123,Grisén,485,249,236
50,Zaragoza,124,Herrera de los Navarros,614,323,291
50,Zaragoza,125,Ibdes,544,281,263
50,Zaragoza,126,Illueca,3304,1622,1682
50,Zaragoza,128,Isuerre,60,36,24
50,Zaragoza,129,Jaraba,314,170,144
50,Zaragoza,130,Jarque,579,312,267
50,Zaragoza,131,Jaulín,292,153,139
50,Zaragoza,132,Joyosa (La),385,198,187
50,Zaragoza,133,Lagata,139,75,64
50,Zaragoza,134,Langa del Castillo,192,91,101
50,Zaragoza,135,Layana,141,69,72
50,Zaragoza,136,Lécera,828,399,429
50,Zaragoza,138,Lechón,55,33,22
50,Zaragoza,137,Leciñena,1338,669,669
50,Zaragoza,139,Letux,473,239,234
50,Zaragoza,140,Litago,185,101,84
50,Zaragoza,141,Lituénigo,118,56,62
50,Zaragoza,142,Lobera de Onsella,55,33,22
50,Zaragoza,143,Longares,948,528,420
50,Zaragoza,144,Longás,53,31,22
50,Zaragoza,146,Lucena de Jalón,243,121,122
50,Zaragoza,147,Luceni,1057,525,532
50,Zaragoza,148,Luesia,432,232,200
50,Zaragoza,149,Luesma,21,12,9
50,Zaragoza,150,Lumpiaque,901,470,431
50,Zaragoza,151,Luna,914,484,430
50,Zaragoza,152,Maella,2123,1110,1013
50,Zaragoza,153,Magallón,1190,646,544
50,Zaragoza,154,Mainar,180,98,82
50,Zaragoza,155,Malanquilla,116,61,55
50,Zaragoza,156,Maleján,301,155,146
50,Zaragoza,160,Mallén,3186,1708,1478
50,Zaragoza,157,Malón,450,232,218
50,Zaragoza,159,Maluenda,1001,495,506
50,Zaragoza,161,Manchones,153,78,75
50,Zaragoza,162,Mara,203,103,100
50,Zaragoza,163,María de Huerva,1303,661,642
50,Zaragoza,902,Marracos,117,58,59
50,Zaragoza,164,Mediana de Aragón,507,252,255
50,Zaragoza,165,Mequinenza,2466,1225,1241
50,Zaragoza,166,Mesones de Isuela,360,174,186
50,Zaragoza,167,Mezalocha,305,169,136
50,Zaragoza,168,Mianos,47,25,22
50,Zaragoza,169,Miedes de Aragón,529,282,247
50,Zaragoza,170,Monegrillo,540,294,246
50,Zaragoza,171,Moneva,148,75,73
50,Zaragoza,172,Monreal de Ariza,289,151,138
50,Zaragoza,173,Monterde,243,123,120
50,Zaragoza,174,Montón,141,76,65
50,Zaragoza,175,Morata de Jalón,1516,752,764
50,Zaragoza,176,Morata de Jiloca,325,171,154
50,Zaragoza,177,Morés,474,249,225
50,Zaragoza,178,Moros,521,257,264
50,Zaragoza,179,Moyuela,344,179,165
50,Zaragoza,180,Mozota,112,56,56
50,Zaragoza,181,Muel,1160,590,570
50,Zaragoza,182,Muela (La),1580,825,755
50,Zaragoza,183,Munébrega,463,246,217
50,Zaragoza,184,Murero,149,85,64
50,Zaragoza,185,Murillo de Gállego,132,78,54
50,Zaragoza,186,Navardún,60,31,29
50,Zaragoza,187,Nigüella,117,65,52
50,Zaragoza,188,Nombrevilla,68,39,29
50,Zaragoza,189,Nonaspe,1040,529,511
50,Zaragoza,190,Novallas,727,359,368
50,Zaragoza,191,Novillas,666,348,318
50,Zaragoza,192,Nuévalos,352,201,151
50,Zaragoza,193,Nuez de Ebro,599,315,284
50,Zaragoza,194,Olvés,168,89,79
50,Zaragoza,195,Orcajo,46,23,23
50,Zaragoza,196,Orera,124,64,60
50,Zaragoza,197,Orés,99,60,39
50,Zaragoza,198,Oseja,49,28,21
50,Zaragoza,199,Osera de Ebro,353,175,178
50,Zaragoza,200,Paniza,713,365,348
50,Zaragoza,201,Paracuellos de Jiloca,501,235,266
50,Zaragoza,202,Paracuellos de la Ribera,288,136,152
50,Zaragoza,203,Pastriz,1072,519,553
50,Zaragoza,204,Pedrola,2699,1365,1334
50,Zaragoza,205,Pedrosas (Las),98,49,49
50,Zaragoza,206,Perdiguera,511,263,248
50,Zaragoza,207,Piedratajada,144,68,76
50,Zaragoza,208,Pina de Ebro,2278,1146,1132
50,Zaragoza,209,Pinseque,1741,876,865
50,Zaragoza,210,Pintanos (Los),83,44,39
50,Zaragoza,211,Plasencia de Jalón,361,196,165
50,Zaragoza,212,Pleitas,58,35,23
50,Zaragoza,213,Plenas,143,72,71
50,Zaragoza,214,Pomer,34,21,13
50,Zaragoza,215,Pozuel de Ariza,23,14,9
50,Zaragoza,216,Pozuelo de Aragón,338,187,151
50,Zaragoza,217,Pradilla de Ebro,639,331,308
50,Zaragoza,218,Puebla de Albortón,146,79,67
50,Zaragoza,219,Puebla de Alfindén (La),2118,1074,1044
50,Zaragoza,220,Puendeluna,61,36,25
50,Zaragoza,221,Purujosa,39,29,10
50,Zaragoza,222,Quinto,2121,1059,1062
50,Zaragoza,223,Remolinos,1223,609,614
50,Zaragoza,224,Retascón,81,45,36
50,Zaragoza,225,Ricla,2354,1318,1036
50,Zaragoza,227,Romanos,145,81,64
50,Zaragoza,228,Rueda de Jalón,363,188,175
50,Zaragoza,229,Ruesca,89,46,43
50,Zaragoza,241,Sabiñán,914,442,472
50,Zaragoza,230,Sádaba,1712,859,853
50,Zaragoza,231,Salillas de Jalón,343,177,166
50,Zaragoza,232,Salvatierra de Esca,276,141,135
50,Zaragoza,233,Samper del Salz,143,73,70
50,Zaragoza,234,San Martín de la Virgen de Moncayo,306,163,143
50,Zaragoza,235,San Mateo de Gállego,2181,1123,1058
50,Zaragoza,236,Santa Cruz de Grío,226,124,102
50,Zaragoza,237,Santa Cruz de Moncayo,118,56,62
50,Zaragoza,238,Santa Eulalia de Gállego,138,68,70
50,Zaragoza,239,Santed,78,37,41
50,Zaragoza,240,Sástago,1408,713,695
50,Zaragoza,242,Sediles,101,54,47
50,Zaragoza,243,Sestrica,470,241,229
50,Zaragoza,244,Sierra de Luna,259,135,124
50,Zaragoza,245,Sigüés,188,95,93
50,Zaragoza,246,Sisamón,76,45,31
50,Zaragoza,247,Sobradiel,646,321,325
50,Zaragoza,248,Sos del Rey Católico,751,383,368
50,Zaragoza,249,Tabuenca,478,264,214
50,Zaragoza,250,Talamantes,64,38,26
50,Zaragoza,251,Tarazona,10564,5125,5439
50,Zaragoza,252,Tauste,6978,3499,3479
50,Zaragoza,253,Terrer,612,298,314
50,Zaragoza,254,Tierga,247,137,110
50,Zaragoza,255,Tobed,275,145,130
50,Zaragoza,256,Torralba de los Frailes,105,51,54
50,Zaragoza,257,Torralba de Ribota,211,113,98
50,Zaragoza,258,Torralbilla,83,43,40
50,Zaragoza,259,Torrehermosa,114,62,52
50,Zaragoza,260,Torrelapaja,44,22,22
50,Zaragoza,261,Torrellas,303,153,150
50,Zaragoza,262,Torres de Berrellén,1418,717,701
50,Zaragoza,263,Torrijo de la Cañada,366,199,167
50,Zaragoza,264,Tosos,192,98,94
50,Zaragoza,265,Trasmoz,59,31,28
50,Zaragoza,266,Trasobares,220,117,103
50,Zaragoza,267,Uncastillo,873,427,446
50,Zaragoza,268,Undués de Lerda,46,29,17
50,Zaragoza,269,Urrea de Jalón,338,170,168
50,Zaragoza,270,Urriés,67,40,27
50,Zaragoza,271,Used,376,202,174
50,Zaragoza,272,Utebo,11345,5768,5577
50,Zaragoza,274,Val de San Martín,88,41,47
50,Zaragoza,273,Valdehorna,59,30,29
50,Zaragoza,275,Valmadrid,65,38,27
50,Zaragoza,276,Valpalmas,189,92,97
50,Zaragoza,277,Valtorres,94,45,49
50,Zaragoza,278,Velilla de Ebro,267,129,138
50,Zaragoza,279,Velilla de Jiloca,114,60,54
50,Zaragoza,280,Vera de Moncayo,475,246,229
50,Zaragoza,281,Vierlas,106,53,53
50,Zaragoza,283,Villadoz,84,49,35
50,Zaragoza,284,Villafeliche,238,120,118
50,Zaragoza,285,Villafranca de Ebro,690,340,350
50,Zaragoza,286,Villalba de Perejil,114,61,53
50,Zaragoza,287,Villalengua,430,226,204
50,Zaragoza,288,Villanueva de Gállego,3271,1661,1610
50,Zaragoza,290,Villanueva de Huerva,596,310,286
50,Zaragoza,289,Villanueva de Jiloca,109,56,53
50,Zaragoza,291,Villar de los Navarros,167,75,92
50,Zaragoza,292,Villarreal de Huerva,186,103,83
50,Zaragoza,293,Villarroya de la Sierra,668,342,326
50,Zaragoza,294,Villarroya del Campo,81,42,39
50,Zaragoza,282,Vilueña (La),98,42,56
50,Zaragoza,295,Vistabella,36,19,17
50,Zaragoza,296,Zaida (La),588,293,295
50,Zaragoza,297,Zaragoza,610976,294442,316534
50,Zaragoza,298,Zuera,5562,2853,2709
51,Ceuta,1,Ceuta,75694,38884,36810
52,Melilla,1,Melilla,68789,35027,33762
