province_code,province_name,cmun,municipality_name,population_total,population_male,population_female
01,Álava,1,Alegría-Dulantzi,1401,731,670
01,Álava,2,Amurrio,9720,4839,4881
01,Álava,3,Aramaio,1416,747,669
01,Álava,4,Artziniega,1338,669,669
01,Álava,6,Armiñón,146,76,70
01,Álava,8,Arrazua-Ubarrundia,726,388,338
01,Álava,9,Asparrena,1578,784,794
01,Álava,10,Ayala/Aiara,2064,1028,1036
01,Álava,11,Baños de Ebro/Mañueta,328,181,147
01,Álava,13,Barrundia,610,342,268
01,Álava,14,Berantevilla,430,222,208
01,Álava,16,Bernedo,547,314,233
01,Álava,17,Campezo/Kanpezu,1060,560,500
01,Álava,18,Zigoitia,1242,690,552
01,Álava,19,Kripan,188,99,89
01,Álava,20,Kuartango,374,211,163
01,Álava,21,Elburgo/Burgelu,319,174,145
01,Álava,22,Elciego,925,464,461
01,Álava,23,Elvillar/Bilar,363,194,169
01,Álava,27,Iruraiz-Gauna,431,234,197
01,Álava,28,Labastida,1243,665,578
01,Álava,30,Lagrán,202,107,95
01,Álava,31,Laguardia,1412,730,682
01,Álava,32,Lanciego/Lantziego,652,343,309
01,Álava,33,Lapuebla de Labarca,865,440,425
01,Álava,34,Leza,208,114,94
01,Álava,36,Llodio,19260,9623,9637
01,Álava,37,Arraia-Maeztu,698,375,323
01,Álava,39,Moreda de Álava,290,157,133
01,Álava,41,Navaridas,209,116,93
01,Álava,42,Okondo,832,426,406
01,Álava,43,Oyón/Oion,2328,1177,1151
01,Álava,44,Peñacerrada-Urizaharra,251,137,114
01,Álava,46,Ribera Alta,543,323,220
01,Álava,47,Ribera Baja/Erribera Beitia,596,328,268
01,Álava,49,Añana,190,101,89
01,Álava,51,Salvatierra o Agurain,4014,1995,2019
01,Álava,52,Samaniego,312,158,154
01,Álava,53,San Millán/Donemiliaga,689,377,312
01,Álava,54,Urkabustaiz,871,477,394
01,Álava,55,Valdegovía,929,502,427
01,Álava,56,Harana/Valle de Arana,348,192,156
01,Álava,57,Villabuena de Álava/Eskuernaga,335,166,169
01,Álava,58,Legutiano,1377,720,657
01,Álava,59,Vitoria-Gasteiz,217358,106791,110567
01,Álava,60,Yécora,265,130,135
01,Álava,61,Zalduondo,138,75,63
01,Álava,62,Zambrana,364,196,168
01,Álava,63,Zuia,1725,878,847
01,Álava,901,Iruña Oka/Iruña de Oca,1823,958,865
01,Álava,902,Lantarón,964,545,419
02,Albacete,1,Abengibre,976,479,497
02,Albacete,2,Alatoz,661,345,316
02,Albacete,3,Albacete,149667,73284,76383
02,Albacete,4,Albatana,872,435,437
02,Albacete,5,Alborea,814,422,392
02,Albacete,6,Alcadozo,776,399,377
02,Albacete,7,Alcalá del Júcar,1507,774,733
02,Albacete,8,Alcaraz,1738,833,905
02,Albacete,9,Almansa,23775,11686,12089
02,Albacete,10,Alpera,2349,1213,1136
02,Albacete,11,Ayna,980,497,483
02,Albacete,12,Balazote,2273,1151,1122
02,Albacete,13,Balsa de Ves,259,140,119
02,Albacete,14,Ballestero (El),565,286,279
02,Albacete,15,Barrax,1938,963,975
02,Albacete,16,Bienservida,912,467,445
02,Albacete,17,Bogarra,1296,681,615
02,Albacete,18,Bonete,1217,615,602
02,Albacete,19,Bonillo (El),3260,1649,1611
02,Albacete,20,Carcelén,673,358,315
02,Albacete,21,Casas de Juan Núñez,1275,658,617
02,Albacete,22,Casas de Lázaro,445,243,202
02,Albacete,23,Casas de Ves,891,465,426
02,Albacete,24,Casas-Ibáñez,4155,2097,2058
02,Albacete,25,Caudete,8995,4502,4493
02,Albacete,26,Cenizate,1076,558,518
02,Albacete,27,Corral-Rubio,476,244,232
02,Albacete,28,Cotillas,207,102,105
02,Albacete,29,Chinchilla de Monte-Aragón,3205,1665,1540
02,Albacete,30,Elche de la Sierra,3898,1927,1971
02,Albacete,31,Férez,821,411,410
02,Albacete,32,Fuensanta,378,199,179
02,Albacete,33,Fuente-Álamo,2480,1269,1211
02,Albacete,34,Fuentealbilla,1809,914,895
02,Albacete,35,Gineta (La),2043,1000,1043
02,Albacete,36,Golosalvo,112,53,59
02,Albacete,37,Hellín,26581,13152,13429
02,Albacete,38,Herrera (La),411,209,202
02,Albacete,39,Higueruela,1319,667,652
02,Albacete,40,Hoya-Gonzalo,791,407,384
02,Albacete,41,Jorquera,577,311,266
02,Albacete,42,Letur,1317,642,675
02,Albacete,43,Lezuza,1762,923,839
02,Albacete,44,Liétor,1635,843,792
02,Albacete,45,Madrigueras,4520,2277,2243
02,Albacete,46,Mahora,1348,666,682
02,Albacete,47,Masegoso,160,94,66
02,Albacete,48,Minaya,1764,896,868
02,Albacete,49,Molinicos,1332,684,648
02,Albacete,50,Montalvos,143,72,71
02,Albacete,51,Montealegre del Castillo,2160,1080,1080
02,Albacete,52,Motilleja,508,249,259
02,Albacete,53,Munera,4031,2035,1996
02,Albacete,54,Navas de Jorquera,545,277,268
02,Albacete,55,Nerpio,1763,945,818
02,Albacete,56,Ontur,2416,1190,1226
02,Albacete,57,Ossa de Montiel,2774,1371,1403
02,Albacete,58,Paterna del Madera,538,281,257
02,Albacete,59,Peñascosa,401,206,195
02,Albacete,60,Peñas de San Pedro,1230,644,586
02,Albacete,61,Pétrola,937,479,458
02,Albacete,62,Povedilla,719,378,341
02,Albacete,63,Pozohondo,1860,956,904
02,Albacete,64,Pozo-Lorente,524,260,264
02,Albacete,65,Pozuelo,708,372,336
02,Albacete,66,Recueja (La),340,169,171
02,Albacete,67,Riópar,1511,769,742
02,Albacete,68,Robledo,413,218,195
02,Albacete,69,Roda (La),13651,6819,6832
02,Albacete,70,Salobre,604,303,301
02,Albacete,71,San Pedro,1344,686,658
02,Albacete,72,Socovos,2021,1040,981
02,Albacete,73,Tarazona de la Mancha,6074,3015,3059
02,Albacete,74,Tobarra,7485,3755,3730
02,Albacete,75,Valdeganga,1966,984,982
02,Albacete,76,Vianos,505,244,261
02,Albacete,77,Villa de Ves,68,32,36
02,Albacete,78,Villalgordo del Júcar,1295,645,650
02,Albacete,79,Villamalea,3515,1799,1716
02,Albacete,80,Villapalacios,828,418,410
02,Albacete,81,Villarrobledo,22276,10879,11397
02,Albacete,82,Villatoya,191,100,91
02,Albacete,83,Villavaliente,282,149,133
02,Albacete,84,Villaverde de Guadalimar,528,276,252
02,Albacete,85,Viveros,538,290,248
02,Albacete,86,Yeste,4280,2171,2109
03,Alicante/Alacant,1,Adsubia,547,280,267
03,Alicante/Alacant,2,Agost,4095,2037,2058
03,Alicante/Alacant,3,Agres,639,340,299
03,Alicante/Alacant,4,Aigües,581,299,282
03,Alicante/Alacant,5,Albatera,8811,4447,4364
03,Alicante/Alacant,6,Alcalalí,981,503,478
03,Alicante/Alacant,7,Alcocer de Planes,129,54,75
03,Alicante/Alacant,8,Alcoleja,257,123,134
03,Alicante/Alacant,9,Alcoy/Alcoi,60423,29138,31285
03,Alicante/Alacant,10,Alfafara,394,188,206
03,Alicante/Alacant,11,Alfàs del Pi (l'),14139,6865,7274
03,Alicante/Alacant,12,Algorfa,1243,628,615
03,Alicante/Alacant,13,Algueña,1447,715,732
03,Alicante/Alacant,14,Alicante/Alacant,276886,132771,144115
03,Alicante/Alacant,15,Almoradí,13807,6944,6863
03,Alicante/Alacant,16,Almudaina,117,61,56
03,Alicante/Alacant,17,Alqueria d'Asnar (l'),418,204,214
03,Alicante/Alacant,18,Altea,15579,7661,7918
03,Alicante/Alacant,19,Aspe,16593,8277,8316
03,Alicante/Alacant,20,Balones,183,87,96
03,Alicante/Alacant,21,Banyeres de Mariola,6906,3430,3476
03,Alicante/Alacant,22,Benasau,189,94,95
03,Alicante/Alacant,23,Beneixama,1795,895,900
03,Alicante/Alacant,24,Benejúzar,4942,2441,2501
03,Alicante/Alacant,25,Benferri,1055,550,505
03,Alicante/Alacant,26,Beniarbeig,1172,578,594
03,Alicante/Alacant,27,Beniardá,205,98,107
03,Alicante/Alacant,28,Beniarrés,1397,698,699
03,Alicante/Alacant,29,Benichembla,392,200,192
03,Alicante/Alacant,30,Benidoleig,860,420,440
03,Alicante/Alacant,31,Benidorm,54321,26627,27694
03,Alicante/Alacant,32,Benifallim,148,68,80
03,Alicante/Alacant,33,Benifato,148,72,76
03,Alicante/Alacant,34,Benijófar,1866,917,949
03,Alicante/Alacant,35,Benilloba,922,467,455
03,Alicante/Alacant,36,Benillup,93,47,46
03,Alicante/Alacant,37,Benimantell,415,200,215
03,Alicante/Alacant,38,Benimarfull,410,190,220
03,Alicante/Alacant,39,Benimassot,173,89,84
03,Alicante/Alacant,40,Benimeli,326,162,164
03,Alicante/Alacant,41,Benissa,10078,4984,5094
03,Alicante/Alacant,42,Benitachell/Poble Nou de Benitatxell (el),2312,1178,1134
03,Alicante/Alacant,43,Biar,3562,1733,1829
03,Alicante/Alacant,44,Bigastro,4910,2467,2443
03,Alicante/Alacant,45,Bolulla,324,154,170
03,Alicante/Alacant,46,Busot,1717,872,845
03,Alicante/Alacant,47,Calpe/Calp,16733,8392,8341
03,Alicante/Alacant,48,Callosa d'En Sarrià,6488,3239,3249
03,Alicante/Alacant,49,Callosa de Segura,15409,7695,7714
03,Alicante/Alacant,50,Campello (el),18366,9103,9263
03,Alicante/Alacant,51,Campo de Mirra/Camp de Mirra (el),397,195,202
03,Alicante/Alacant,52,Cañada,1132,534,598
03,Alicante/Alacant,53,Castalla,7631,3792,3839
03,Alicante/Alacant,54,Castell de Castells,466,228,238
03,Alicante/Alacant,55,Catral,5012,2496,2516
03,Alicante/Alacant,56,Cocentaina,10468,5123,5345
03,Alicante/Alacant,57,Confrides,325,185,140
03,Alicante/Alacant,58,Cox,5825,2967,2858
03,Alicante/Alacant,59,Crevillente,24690,12415,12275
03,Alicante/Alacant,60,Quatretondeta,179,91,88
03,Alicante/Alacant,61,Daya Nueva,1193,621,572
03,Alicante/Alacant,62,Daya Vieja,190,98,92
03,Alicante/Alacant,63,Dénia,30693,15013,15680
03,Alicante/Alacant,64,Dolores,6276,3209,3067
03,Alicante/Alacant,65,Elche/Elx,195791,96779,99012
03,Alicante/Alacant,66,Elda,51501,25085,26416
03,Alicante/Alacant,67,Facheca,134,68,66
03,Alicante/Alacant,68,Famorca,63,30,33
03,Alicante/Alacant,69,Finestrat,2169,1080,1089
03,Alicante/Alacant,70,Formentera del Segura,2093,1018,1075
03,Alicante/Alacant,71,Gata de Gorgos,5032,2501,2531
03,Alicante/Alacant,72,Gaianes,298,134,164
03,Alicante/Alacant,73,Gorga,265,137,128
03,Alicante/Alacant,74,Granja de Rocamora,1963,979,984
03,Alicante/Alacant,75,Guadalest,181,92,89
03,Alicante/Alacant,76,Guardamar del Segura,9326,4636,4690
03,Alicante/Alacant,77,Hondón de las Nieves,1611,794,817
03,Alicante/Alacant,78,Hondón de los Frailes,563,288,275
03,Alicante/Alacant,79,Ibi,21293,10552,10741
03,Alicante/Alacant,80,Jacarilla,1556,780,776
03,Alicante/Alacant,81,Jalón/Xaló,2086,1031,1055
03,Alicante/Alacant,82,Jávea/Xàbia,23133,11454,11679
03,Alicante/Alacant,83,Jijona/Xixona,7337,3440,3897
03,Alicante/Alacant,84,Lorcha/Orxa (l'),788,396,392
03,Alicante/Alacant,85,Llíber,550,276,274
03,Alicante/Alacant,86,Millena,182,88,94
03,Alicante/Alacant,88,Monforte del Cid,5260,2708,2552
03,Alicante/Alacant,89,Monóvar/Monòver,11922,5853,6069
03,Alicante/Alacant,90,Mutxamel,14693,7320,7373
03,Alicante/Alacant,91,Murla,333,138,195
03,Alicante/Alacant,92,Muro de Alcoy,7252,3572,3680
03,Alicante/Alacant,93,Novelda,23830,11768,12062
03,Alicante/Alacant,94,Nucia (la),8616,4282,4334
03,Alicante/Alacant,95,Ondara,5310,2661,2649
03,Alicante/Alacant,96,Onil,6829,3405,3424
03,Alicante/Alacant,97,Orba,1659,807,852
03,Alicante/Alacant,98,Orxeta,427,214,213
03,Alicante/Alacant,99,Orihuela,53478,26516,26962
03,Alicante/Alacant,100,Parcent,857,426,431
03,Alicante/Alacant,101,Pedreguer,5952,2917,3035
03,Alicante/Alacant,102,Pego,10103,5146,4957
03,Alicante/Alacant,103,Penàguila,391,192,199
03,Alicante/Alacant,104,Petrer,28765,14359,14406
03,Alicante/Alacant,105,Pinoso,6186,3058,3128
03,Alicante/Alacant,106,Planes,815,404,411
03,Alicante/Alacant,107,Polop,2136,1037,1099
03,Alicante/Alacant,109,Rafal,3201,1590,1611
03,Alicante/Alacant,110,"Ràfol d'Almúnia, el",402,198,204
03,Alicante/Alacant,111,Redován,5450,2798,2652
03,Alicante/Alacant,112,Relleu,795,396,399
03,Alicante/Alacant,113,Rojales,7321,3585,3736
03,Alicante/Alacant,114,Romana (la),1995,1000,995
03,Alicante/Alacant,115,Sagra,399,197,202
03,Alicante/Alacant,116,Salinas,1215,615,600
03,Alicante/Alacant,117,Sanet y Negrals,547,249,298
03,Alicante/Alacant,118,San Fulgencio,3706,1858,1848
03,Alicante/Alacant,119,San Juan de Alicante,16895,8257,8638
03,Alicante/Alacant,120,San Miguel de Salinas,3893,1981,1912
03,Alicante/Alacant,121,Santa Pola,18922,9416,9506
03,Alicante/Alacant,122,San Vicente del Raspeig/Sant Vicent del Raspeig,37883,18836,19047
03,Alicante/Alacant,123,Sax,8625,4331,4294
03,Alicante/Alacant,124,Sella,591,298,293
03,Alicante/Alacant,125,Senija,509,261,248
03,Alicante/Alacant,127,Tárbena,693,347,346
03,Alicante/Alacant,128,Teulada,9328,4616,4712
03,Alicante/Alacant,129,Tibi,1205,625,580
03,Alicante/Alacant,130,Tollos,42,26,16
03,Alicante/Alacant,131,Tormos,303,146,157
03,Alicante/Alacant,132,Torremanzanas/Torre de les Maçanes (la),720,363,357
03,Alicante/Alacant,133,Torrevieja,50189,24782,25407
03,Alicante/Alacant,134,Vall d'Alcalà (la),181,92,89
03,Alicante/Alacant,135,Vall de Ebo,355,176,179
03,Alicante/Alacant,136,Vall de Gallinera,578,304,274
03,Alicante/Alacant,137,Vall de Laguart,912,427,485
03,Alicante/Alacant,138,Verger (el),3642,1753,1889
03,Alicante/Alacant,139,Villajoyosa/Vila Joiosa (la),23704,11688,12016
03,Alicante/Alacant,140,Villena,31760,15680,16080
03,Alicante/Alacant,901,Poblets (els),1688,813,875
03,Alicante/Alacant,902,Pilar de la Horadada,11495,6136,5359
03,Alicante/Alacant,903,Montesinos (Los),2617,1328,1289
03,Alicante/Alacant,904,San Isidro,1274,658,616
04,Almería,1,Abla,1516,743,773
04,Almería,2,Abrucena,1455,716,739
04,Almería,3,Adra,21505,10784,10721
04,Almería,4,Albánchez,586,292,294
04,Almería,5,Alboloduy,812,386,426
04,Almería,6,Albox,9599,4801,4798
04,Almería,7,Alcolea,903,455,448
04,Almería,8,Alcóntar,656,341,315
04,Almería,9,Alcudia de Monteagud,209,102,107
04,Almería,10,Alhabia,672,327,345
04,Almería,11,Alhama de Almería,3165,1580,1585
04,Almería,12,Alicún,236,114,122
04,Almería,13,Almería,168945,81981,86964
04,Almería,14,Almócita,175,90,85
04,Almería,15,Alsodux,104,53,51
04,Almería,16,Antas,2729,1352,1377
04,Almería,17,Arboleas,1540,767,773
04,Almería,18,Armuña de Almanzora,322,159,163
04,Almería,19,Bacares,291,151,140
04,Almería,20,Bayárcal,320,171,149
04,Almería,21,Bayarque,238,115,123
04,Almería,22,Bédar,572,300,272
04,Almería,23,Beires,142,69,73
04,Almería,24,Benahadux,2814,1348,1466
04,Almería,26,Benitagla,92,50,42
04,Almería,27,Benizalón,304,158,146
04,Almería,28,Bentarique,317,167,150
04,Almería,29,Berja,13279,6409,6870
04,Almería,30,Canjáyar,1667,851,816
04,Almería,31,Cantoria,3147,1576,1571
04,Almería,32,Carboneras,6530,3340,3190
04,Almería,33,Castro de Filabres,170,83,87
04,Almería,34,Cóbdar,227,115,112
04,Almería,35,Cuevas del Almanzora,9645,4834,4811
04,Almería,36,Chercos,300,160,140
04,Almería,37,Chirivel,1792,890,902
04,Almería,38,Dalías,3634,1789,1845
04,Almería,41,Enix,289,154,135
04,Almería,43,Felix,571,290,281
04,Almería,44,Fines,1741,891,850
04,Almería,45,Fiñana,2537,1242,1295
04,Almería,46,Fondón,943,486,457
04,Almería,47,Gádor,2593,1299,1294
04,Almería,48,Gallardos (Los),1798,914,884
04,Almería,49,Garrucha,5292,2702,2590
04,Almería,50,Gérgal,1059,531,528
04,Almería,51,Huécija,558,280,278
04,Almería,52,Huércal de Almería,6766,3411,3355
04,Almería,53,Huércal-Overa,13999,6878,7121
04,Almería,54,Illar,474,229,245
04,Almería,55,Instinción,538,259,279
04,Almería,56,Laroya,107,55,52
04,Almería,57,Láujar de Andarax,1833,896,937
04,Almería,58,Líjar,509,255,254
04,Almería,59,Lubrín,1707,812,895
04,Almería,60,Lucainena de las Torres,656,330,326
04,Almería,61,Lúcar,767,375,392
04,Almería,62,Macael,5767,2920,2847
04,Almería,63,María,1654,850,804
04,Almería,64,Mojácar,4825,2389,2436
04,Almería,65,Nacimiento,515,258,257
04,Almería,66,Níjar,16269,8549,7720
04,Almería,67,Ohanes,765,384,381
04,Almería,68,Olula de Castro,192,100,92
04,Almería,69,Olula del Río,5927,2941,2986
04,Almería,70,Oria,2129,1082,1047
04,Almería,71,Padules,481,243,238
04,Almería,72,Partaloa,384,188,196
04,Almería,73,Paterna del Río,393,203,190
04,Almería,74,Pechina,2763,1410,1353
04,Almería,75,Pulpí,5477,2693,2784
04,Almería,76,Purchena,1600,783,817
04,Almería,77,Rágol,390,174,216
04,Almería,78,Rioja,1191,590,601
04,Almería,79,Roquetas de Mar,44370,22866,21504
04,Almería,80,Santa Cruz de Marchena,208,93,115
04,Almería,81,Santa Fe de Mondújar,473,235,238
04,Almería,82,Senés,325,165,160
04,Almería,83,Serón,2555,1241,1314
04,Almería,84,Sierro,471,233,238
04,Almería,85,Somontín,509,247,262
04,Almería,86,Sorbas,2693,1364,1329
04,Almería,87,Suflí,256,133,123
04,Almería,88,Tabernas,3210,1618,1592
04,Almería,89,Taberno,974,478,496
04,Almería,90,Tahal,407,215,192
04,Almería,91,Terque,430,218,212
04,Almería,92,Tíjola,3757,1845,1912
04,Almería,93,Turre,2331,1149,1182
04,Almería,94,Turrillas,250,131,119
04,Almería,95,Uleila del Campo,977,502,475
04,Almería,96,Urrácal,349,168,181
04,Almería,97,Velefique,314,160,154
04,Almería,98,Vélez-Blanco,2061,1060,1001
04,Almería,99,Vélez-Rubio,6519,3141,3378
04,Almería,100,Vera,6930,3475,3455
04,Almería,101,Viator,3567,1749,1818
04,Almería,102,Vícar,15940,8490,7450
04,Almería,103,Zurgena,2079,1015,1064
04,Almería,901,Tres Villas (Las),607,317,290
04,Almería,902,Ejido (El),53008,27910,25098
04,Almería,903,Mojonera (La),6590,3501,3089
05,Ávila,1,Adanero,341,189,152
05,Ávila,2,Adrada (La),1958,1009,949
05,Ávila,5,Albornos,247,138,109
05,Ávila,7,Aldeanueva de Santa Cruz,193,101,92
05,Ávila,8,Aldeaseca,337,170,167
05,Ávila,10,Aldehuela (La),275,136,139
05,Ávila,12,Amavida,198,102,96
05,Ávila,13,Arenal (El),1056,510,546
05,Ávila,14,Arenas de San Pedro,6464,3186,3278
05,Ávila,15,Arevalillo,135,66,69
05,Ávila,16,Arévalo,7446,3594,3852
05,Ávila,17,Aveinte,134,72,62
05,Ávila,18,Avellaneda,37,18,19
05,Ávila,19,Ávila,47843,22996,24847
05,Ávila,21,Barco de Ávila (El),2606,1276,1330
05,Ávila,22,Barraco (El),2047,1033,1014
05,Ávila,23,Barromán,257,144,113
05,Ávila,24,Becedas,416,218,198
05,Ávila,25,Becedillas,159,84,75
05,Ávila,26,Bercial de Zapardiel,321,153,168
05,Ávila,27,Berlanas (Las),336,172,164
05,Ávila,29,Bernuy-Zapardiel,223,127,96
05,Ávila,30,Berrocalejo de Aragona,48,28,20
05,Ávila,33,Blascomillán,289,139,150
05,Ávila,34,Blasconuño de Matacabras,18,10,8
05,Ávila,35,Blascosancho,161,79,82
05,Ávila,36,Bohodón (El),199,102,97
05,Ávila,37,Bohoyo,452,227,225
05,Ávila,38,Bonilla de la Sierra,195,106,89
05,Ávila,39,Brabos,71,40,31
05,Ávila,40,Bularros,115,63,52
05,Ávila,41,Burgohondo,1200,615,585
05,Ávila,42,Cabezas de Alambre,221,116,105
05,Ávila,43,Cabezas del Pozo,159,83,76
05,Ávila,44,Cabezas del Villar,497,255,242
05,Ávila,45,Cabizuela,150,76,74
05,Ávila,46,Canales,64,34,30
05,Ávila,47,Candeleda,5115,2632,2483
05,Ávila,48,Cantiveros,188,95,93
05,Ávila,49,Cardeñosa,567,301,266
05,Ávila,51,Carrera (La),283,138,145
05,Ávila,52,Casas del Puerto de Villatoro,102,54,48
05,Ávila,53,Casasola,161,84,77
05,Ávila,54,Casavieja,1582,827,755
05,Ávila,55,Casillas,817,422,395
05,Ávila,56,Castellanos de Zapardiel,150,82,68
05,Ávila,57,Cebreros,3260,1614,1646
05,Ávila,58,Cepeda la Mora,148,78,70
05,Ávila,59,Cillán,146,77,69
05,Ávila,60,Cisla,191,93,98
05,Ávila,61,Colilla (La),222,111,111
05,Ávila,62,Collado de Contreras,269,145,124
05,Ávila,63,Collado del Mirón,86,46,40
05,Ávila,64,Constanzana,188,104,84
05,Ávila,65,Crespos,723,372,351
05,Ávila,66,Cuevas del Valle,640,346,294
05,Ávila,67,Chamartín,114,66,48
05,Ávila,69,Donjimeno,138,73,65
05,Ávila,70,Donvidas,68,33,35
05,Ávila,72,Espinosa de los Caballeros,110,63,47
05,Ávila,73,Flores de Ávila,434,226,208
05,Ávila,74,Fontiveros,1032,525,507
05,Ávila,75,Fresnedilla,101,43,58
05,Ávila,76,Fresno (El),492,250,242
05,Ávila,77,Fuente el Saúz,306,160,146
05,Ávila,78,Fuentes de Año,194,102,92
05,Ávila,79,Gallegos de Altamiros,97,52,45
05,Ávila,80,Gallegos de Sobrinos,108,52,56
05,Ávila,81,Garganta del Villar,76,42,34
05,Ávila,82,Gavilanes,728,412,316
05,Ávila,83,Gemuño,218,105,113
05,Ávila,84,Gilbuena,135,76,59
05,Ávila,85,Gil García,63,29,34
05,Ávila,86,Gimialcón,115,64,51
05,Ávila,87,Gotarrendura,174,63,111
05,Ávila,88,Grandes y San Martín,49,24,25
05,Ávila,89,Guisando,644,345,299
05,Ávila,90,Gutierre-Muñoz,132,64,68
05,Ávila,92,Hernansancho,230,121,109
05,Ávila,93,Herradón de Pinares,504,254,250
05,Ávila,94,Herreros de Suso,224,108,116
05,Ávila,95,Higuera de las Dueñas,327,183,144
05,Ávila,96,Hija de Dios (La),111,61,50
05,Ávila,97,Horcajada (La),799,390,409
05,Ávila,99,Horcajo de las Torres,794,427,367
05,Ávila,100,Hornillo (El),411,212,199
05,Ávila,101,Hoyocasero,366,190,176
05,Ávila,102,Hoyo de Pinares (El),2359,1208,1151
05,Ávila,103,Hoyorredondo,122,66,56
05,Ávila,104,Hoyos del Collado,49,31,18
05,Ávila,105,Hoyos del Espino,439,241,198
05,Ávila,106,Hoyos de Miguel Muñoz,54,28,26
05,Ávila,107,Hurtumpascual,114,64,50
05,Ávila,108,Junciana,101,55,46
05,Ávila,109,Langa,577,299,278
05,Ávila,110,Lanzahíta,909,469,440
05,Ávila,112,Losar del Barco (El),139,72,67
05,Ávila,113,Llanos de Tormes (Los),128,66,62
05,Ávila,114,Madrigal de las Altas Torres,1985,1015,970
05,Ávila,115,Maello,645,319,326
05,Ávila,116,Malpartida de Corneja,205,102,103
05,Ávila,117,Mamblas,281,157,124
05,Ávila,118,Mancera de Arriba,148,76,72
05,Ávila,119,Manjabálago,70,36,34
05,Ávila,120,Marlín,48,26,22
05,Ávila,121,Martiherrero,201,105,96
05,Ávila,122,Martínez,234,124,110
05,Ávila,123,Mediana de Voltoya,108,59,49
05,Ávila,124,Medinilla,210,104,106
05,Ávila,125,Mengamuñoz,73,33,40
05,Ávila,126,Mesegar de Corneja,119,62,57
05,Ávila,127,Mijares,981,500,481
05,Ávila,128,Mingorría,522,260,262
05,Ávila,129,Mirón (El),248,145,103
05,Ávila,130,Mironcillo,138,73,65
05,Ávila,131,Mirueña de los Infanzones,189,94,95
05,Ávila,132,Mombeltrán,1169,610,559
05,Ávila,133,Monsalupe,97,45,52
05,Ávila,134,Moraleja de Matacabras,77,38,39
05,Ávila,135,Muñana,576,297,279
05,Ávila,136,Muñico,139,71,68
05,Ávila,138,Muñogalindo,445,247,198
05,Ávila,139,Muñogrande,107,56,51
05,Ávila,140,Muñomer del Peco,132,71,61
05,Ávila,141,Muñopepe,106,61,45
05,Ávila,142,Muñosancho,167,76,91
05,Ávila,143,Muñotello,128,66,62
05,Ávila,144,Narrillos del Álamo,164,84,80
05,Ávila,145,Narrillos del Rebollar,75,38,37
05,Ávila,147,Narros del Castillo,240,132,108
05,Ávila,148,Narros del Puerto,49,27,22
05,Ávila,149,Narros de Saldueña,171,96,75
05,Ávila,151,Navacepedilla de Corneja,144,80,64
05,Ávila,152,Nava de Arévalo,986,517,469
05,Ávila,153,Nava del Barco,172,88,84
05,Ávila,154,Navadijos,60,37,23
05,Ávila,155,Navaescurial,84,48,36
05,Ávila,156,Navahondilla,140,81,59
05,Ávila,157,Navalacruz,313,152,161
05,Ávila,158,Navalmoral,594,304,290
05,Ávila,159,Navalonguilla,442,226,216
05,Ávila,160,Navalosa,484,254,230
05,Ávila,161,Navalperal de Pinares,842,411,431
05,Ávila,162,Navalperal de Tormes,143,80,63
05,Ávila,163,Navaluenga,2015,1017,998
05,Ávila,164,Navaquesera,62,23,39
05,Ávila,165,Navarredonda de Gredos,493,252,241
05,Ávila,166,Navarredondilla,320,158,162
05,Ávila,167,Navarrevisca,381,192,189
05,Ávila,168,Navas del Marqués (Las),4272,2145,2127
05,Ávila,169,Navatalgordo,423,214,209
05,Ávila,170,Navatejares,96,41,55
05,Ávila,171,Neila de San Miguel,118,64,54
05,Ávila,172,Niharra,198,101,97
05,Ávila,173,Ojos-Albos,65,35,30
05,Ávila,174,Orbita,106,54,52
05,Ávila,175,Oso (El),226,128,98
05,Ávila,176,Padiernos,242,127,115
05,Ávila,177,Pajares de Adaja,196,99,97
05,Ávila,178,Palacios de Goda,510,253,257
05,Ávila,179,Papatrigo,347,178,169
05,Ávila,180,Parral (El),132,71,61
05,Ávila,181,Pascualcobo,54,32,22
05,Ávila,182,Pedro Bernardo,1289,666,623
05,Ávila,183,Pedro-Rodríguez,221,104,117
05,Ávila,184,Peguerinos,309,163,146
05,Ávila,185,Peñalba de Ávila,131,74,57
05,Ávila,186,Piedrahíta,2169,1042,1127
05,Ávila,187,Piedralaves,2102,1061,1041
05,Ávila,188,Poveda,84,48,36
05,Ávila,189,Poyales del Hoyo,698,355,343
05,Ávila,190,Pozanco,56,31,25
05,Ávila,191,Pradosegar,171,89,82
05,Ávila,192,Puerto Castilla,145,86,59
05,Ávila,193,Rasueros,340,180,160
05,Ávila,194,Riocabado,205,112,93
05,Ávila,195,Riofrío,315,174,141
05,Ávila,196,Rivilla de Barajas,79,40,39
05,Ávila,197,Salobral,127,64,63
05,Ávila,198,Salvadiós,123,62,61
05,Ávila,199,San Bartolomé de Béjar,76,35,41
05,Ávila,200,San Bartolomé de Corneja,106,56,50
05,Ávila,201,San Bartolomé de Pinares,741,391,350
05,Ávila,204,Sanchidrián,791,403,388
05,Ávila,205,Sanchorreja,141,73,68
05,Ávila,206,San Esteban de los Patos,46,24,22
05,Ávila,207,San Esteban del Valle,872,449,423
05,Ávila,208,San Esteban de Zapardiel,70,36,34
05,Ávila,209,San García de Ingelmos,167,90,77
05,Ávila,210,San Juan de la Encinilla,131,61,70
05,Ávila,211,San Juan de la Nava,695,359,336
05,Ávila,212,San Juan del Molinillo,347,197,150
05,Ávila,213,San Juan del Olmo,174,100,74
05,Ávila,214,San Lorenzo de Tormes,62,32,30
05,Ávila,215,San Martín de la Vega del Alberche,297,168,129
05,Ávila,216,San Martín del Pimpollar,328,176,152
05,Ávila,217,San Miguel de Corneja,106,46,60
05,Ávila,218,San Miguel de Serrezuela,209,114,95
05,Ávila,219,San Pascual,56,35,21
05,Ávila,220,San Pedro del Arroyo,493,253,240
05,Ávila,221,Santa Cruz del Valle,623,322,301
05,Ávila,222,Santa Cruz de Pinares,218,117,101
05,Ávila,224,Santa María del Arroyo,131,66,65
05,Ávila,225,Santa María del Berrocal,543,257,286
05,Ávila,226,Santa María de los Caballeros,148,74,74
05,Ávila,227,Santa María del Tiétar,402,212,190
05,Ávila,228,Santiago del Collado,279,171,108
05,Ávila,229,Santo Domingo de las Posadas,84,39,45
05,Ávila,230,Santo Tomé de Zabarcos,119,65,54
05,Ávila,231,San Vicente de Arévalo,228,114,114
05,Ávila,232,Serrada (La),151,77,74
05,Ávila,233,Serranillos,415,215,200
05,Ávila,234,Sigeres,77,38,39
05,Ávila,235,Sinlabajos,241,125,116
05,Ávila,236,Solana de Ávila,207,109,98
05,Ávila,237,Solana de Rioalmar,298,159,139
05,Ávila,238,Solosancho,1047,546,501
05,Ávila,239,Sotalbo,267,142,125
05,Ávila,240,Sotillo de la Adrada,3575,1773,1802
05,Ávila,241,Tiemblo (El),3658,1839,1819
05,Ávila,242,Tiñosillos,770,412,358
05,Ávila,243,Tolbaños,136,66,70
05,Ávila,244,Tormellas,106,56,50
05,Ávila,245,Tornadizos de Ávila,354,173,181
05,Ávila,246,Tórtoles,126,64,62
05,Ávila,247,Torre (La),427,234,193
05,Ávila,249,Umbrías,167,87,80
05,Ávila,251,Vadillo de la Sierra,153,82,71
05,Ávila,252,Valdecasa,114,61,53
05,Ávila,253,Vega de Santa María,143,79,64
05,Ávila,254,Velayos,260,126,134
05,Ávila,256,Villaflor,167,87,80
05,Ávila,257,Villafranca de la Sierra,218,115,103
05,Ávila,258,Villanueva de Gómez,150,71,79
05,Ávila,259,Villanueva del Aceral,186,83,103
05,Ávila,260,Villanueva del Campillo,201,102,99
05,Ávila,261,Villar de Corneja,77,37,40
05,Ávila,262,Villarejo del Valle,514,270,244
05,Ávila,263,Villatoro,235,133,102
05,Ávila,264,Viñegra de Moraña,90,48,42
05,Ávila,265,Vita,124,76,48
05,Ávila,266,Zapardiel de la Cañada,186,92,94
05,Ávila,267,Zapardiel de la Ribera,139,70,69
05,Ávila,901,San Juan de Gredos,399,208,191
05,Ávila,902,Santa María del Cubillo,394,225,169
05,Ávila,903,Diego del Carpio,311,162,149
05,Ávila,904,Santiago del Tormes,266,139,127
05,Ávila,905,Villanueva de Ávila,497,254,243
06,Badajoz,1,Acedera,969,506,463
06,Badajoz,2,Aceuchal,5304,2626,2678
06,Badajoz,3,Ahillones,1200,588,612
06,Badajoz,4,Alange,2057,1054,1003
06,Badajoz,5,Albuera (La),1804,919,885
06,Badajoz,6,Alburquerque,5645,2831,2814
06,Badajoz,7,Alconchel,2106,1047,1059
06,Badajoz,8,Alconera,721,357,364
06,Badajoz,9,Aljucén,255,142,113
06,Badajoz,10,Almendral,1478,731,747
06,Badajoz,11,Almendralejo,27610,13507,14103
06,Badajoz,12,Arroyo de San Serván,3970,2040,1930
06,Badajoz,13,Atalaya,369,174,195
06,Badajoz,14,Azuaga,8735,4431,4304
06,Badajoz,15,Badajoz,136136,66030,70106
06,Badajoz,16,Barcarrota,3742,1908,1834
06,Badajoz,17,Baterno,403,208,195
06,Badajoz,18,Benquerencia de la Serena,1033,522,511
06,Badajoz,19,Berlanga,2694,1313,1381
06,Badajoz,20,Bienvenida,2364,1221,1143
06,Badajoz,21,Bodonal de la Sierra,1265,649,616
06,Badajoz,22,Burguillos del Cerro,3321,1606,1715
06,Badajoz,23,Cabeza del Buey,5982,2941,3041
06,Badajoz,24,Cabeza la Vaca,1646,821,825
06,Badajoz,25,Calamonte,6002,3003,2999
06,Badajoz,26,Calera de León,1112,568,544
06,Badajoz,27,Calzadilla de los Barros,848,423,425
06,Badajoz,28,Campanario,5675,2763,2912
06,Badajoz,29,Campillo de Llerena,1745,859,886
06,Badajoz,30,Capilla,225,111,114
06,Badajoz,31,Carmonita,652,337,315
06,Badajoz,32,Carrascalejo (El),73,41,32
06,Badajoz,33,Casas de Don Pedro,1737,853,884
06,Badajoz,34,Casas de Reina,249,118,131
06,Badajoz,35,Castilblanco,1385,685,700
06,Badajoz,36,Castuera,7215,3561,3654
06,Badajoz,37,Codosera (La),2397,1264,1133
06,Badajoz,38,Cordobilla de Lácara,1038,524,514
06,Badajoz,39,Coronada (La),2447,1219,1228
06,Badajoz,40,Corte de Peleas,1289,643,646
06,Badajoz,41,Cristina,555,294,261
06,Badajoz,42,Cheles,1326,660,666
06,Badajoz,43,Don Álvaro,677,331,346
06,Badajoz,44,Don Benito,31454,15536,15918
06,Badajoz,45,Entrín Bajo,670,327,343
06,Badajoz,46,Esparragalejo,1536,753,783
06,Badajoz,47,Esparragosa de la Serena,1127,557,570
06,Badajoz,48,Esparragosa de Lares,1167,559,608
06,Badajoz,49,Feria,1435,707,728
06,Badajoz,50,Fregenal de la Sierra,5379,2588,2791
06,Badajoz,51,Fuenlabrada de los Montes,2078,1026,1052
06,Badajoz,52,Fuente de Cantos,5039,2535,2504
06,Badajoz,53,Fuente del Arco,825,418,407
06,Badajoz,54,Fuente del Maestre,6818,3375,3443
06,Badajoz,55,Fuentes de León,2742,1348,1394
06,Badajoz,56,Garbayuela,583,310,273
06,Badajoz,57,Garlitos,799,406,393
06,Badajoz,58,Garrovilla (La),2637,1350,1287
06,Badajoz,59,Granja de Torrehermosa,2578,1271,1307
06,Badajoz,60,Guareña,7474,3765,3709
06,Badajoz,61,Haba (La),1467,744,723
06,Badajoz,62,Helechosa de los Montes,766,423,343
06,Badajoz,63,Herrera del Duque,3913,1987,1926
06,Badajoz,64,Higuera de la Serena,1224,622,602
06,Badajoz,65,Higuera de Llerena,449,221,228
06,Badajoz,66,Higuera de Vargas,2221,1108,1113
06,Badajoz,67,Higuera la Real,2584,1294,1290
06,Badajoz,68,Hinojosa del Valle,610,311,299
06,Badajoz,69,Hornachos,3861,1988,1873
06,Badajoz,70,Jerez de los Caballeros,9594,4792,4802
06,Badajoz,71,Lapa (La),328,168,160
06,Badajoz,72,Lobón,2725,1393,1332
06,Badajoz,73,Llera,969,498,471
06,Badajoz,74,Llerena,5621,2721,2900
06,Badajoz,75,Magacela,709,371,338
06,Badajoz,76,Maguilla,1151,569,582
06,Badajoz,77,Malcocinado,546,292,254
06,Badajoz,78,Malpartida de la Serena,782,401,381
06,Badajoz,79,Manchita,770,383,387
06,Badajoz,80,Medellín,2400,1210,1190
06,Badajoz,81,Medina de las Torres,1512,743,769
06,Badajoz,82,Mengabril,462,236,226
06,Badajoz,83,Mérida,50478,24600,25878
06,Badajoz,84,Mirandilla,1364,688,676
06,Badajoz,85,Monesterio,4679,2340,2339
06,Badajoz,86,Montemolín,1696,874,822
06,Badajoz,87,Monterrubio de la Serena,3093,1509,1584
06,Badajoz,88,Montijo,15314,7567,7747
06,Badajoz,89,Morera (La),783,385,398
06,Badajoz,90,Nava de Santiago (La),1179,588,591
06,Badajoz,91,Navalvillar de Pela,4923,2481,2442
06,Badajoz,92,Nogales,788,394,394
06,Badajoz,93,Oliva de la Frontera,5925,2948,2977
06,Badajoz,94,Oliva de Mérida,1999,988,1011
06,Badajoz,95,Olivenza,10709,5277,5432
06,Badajoz,96,Orellana de la Sierra,377,195,182
06,Badajoz,97,Orellana la Vieja,3397,1703,1694
06,Badajoz,98,Palomas,698,370,328
06,Badajoz,99,Parra (La),1403,725,678
06,Badajoz,100,Peñalsordo,1517,725,792
06,Badajoz,101,Peraleda del Zaucejo,664,340,324
06,Badajoz,102,Puebla de Alcocer,1476,715,761
06,Badajoz,103,Puebla de la Calzada,5525,2739,2786
06,Badajoz,104,Puebla de la Reina,885,449,436
06,Badajoz,105,Puebla del Maestre,938,462,476
06,Badajoz,106,Puebla del Prior,574,288,286
06,Badajoz,107,Puebla de Obando,2043,1041,1002
06,Badajoz,108,Puebla de Sancho Pérez,2875,1448,1427
06,Badajoz,109,Quintana de la Serena,5134,2581,2553
06,Badajoz,110,Reina,226,120,106
06,Badajoz,111,Rena,669,330,339
06,Badajoz,112,Retamal de Llerena,556,289,267
06,Badajoz,113,Ribera del Fresno,3423,1670,1753
06,Badajoz,114,Risco,216,106,110
06,Badajoz,115,Roca de la Sierra (La),1633,811,822
06,Badajoz,116,Salvaleón,2214,1117,1097
06,Badajoz,117,Salvatierra de los Barros,1973,961,1012
06,Badajoz,118,Sancti-Spíritus,309,146,163
06,Badajoz,119,San Pedro de Mérida,816,414,402
06,Badajoz,120,Santa Amalia,4332,2172,2160
06,Badajoz,121,Santa Marta,4102,2014,2088
06,Badajoz,122,Santos de Maimona (Los),7924,3955,3969
06,Badajoz,123,San Vicente de Alcántara,5908,2917,2991
06,Badajoz,124,Segura de León,2296,1144,1152
06,Badajoz,125,Siruela,2463,1221,1242
06,Badajoz,126,Solana de los Barros,2768,1389,1379
06,Badajoz,127,Talarrubias,3658,1806,1852
06,Badajoz,128,Talavera la Real,5317,2683,2634
06,Badajoz,129,Táliga,766,392,374
06,Badajoz,130,Tamurejo,272,134,138
06,Badajoz,131,Torre de Miguel Sesmero,1273,638,635
06,Badajoz,132,Torremayor,1067,517,550
06,Badajoz,133,Torremejía,2045,1038,1007
06,Badajoz,134,Trasierra,712,379,333
06,Badajoz,135,Trujillanos,1358,718,640
06,Badajoz,136,Usagre,2089,1054,1035
06,Badajoz,137,Valdecaballeros,1423,716,707
06,Badajoz,138,Valdetorres,1382,703,679
06,Badajoz,139,Valencia de las Torres,855,436,419
06,Badajoz,140,Valencia del Mombuey,817,398,419
06,Badajoz,141,Valencia del Ventoso,2355,1162,1193
06,Badajoz,142,Valverde de Burguillos,375,189,186
06,Badajoz,143,Valverde de Leganés,3767,1903,1864
06,Badajoz,144,Valverde de Llerena,829,394,435
06,Badajoz,145,Valverde de Mérida,1150,574,576
06,Badajoz,146,Valle de la Serena,1588,779,809
06,Badajoz,147,Valle de Matamoros,505,248,257
06,Badajoz,148,Valle de Santa Ana,1221,619,602
06,Badajoz,149,Villafranca de los Barros,12537,6226,6311
06,Badajoz,150,Villagarcía de la Torre,1012,505,507
06,Badajoz,151,Villagonzalo,1446,707,739
06,Badajoz,152,Villalba de los Barros,1745,890,855
06,Badajoz,153,Villanueva de la Serena,23875,11783,12092
06,Badajoz,154,Villanueva del Fresno,3489,1744,1745
06,Badajoz,155,Villar del Rey,2313,1186,1127
06,Badajoz,156,Villar de Rena,1696,890,806
06,Badajoz,157,Villarta de los Montes,680,339,341
06,Badajoz,158,Zafra,15158,7290,7868
06,Badajoz,159,Zahínos,3043,1537,1506
06,Badajoz,160,Zalamea de la Serena,4647,2285,2362
06,Badajoz,161,Zarza-Capilla,516,269,247
06,Badajoz,162,Zarza (La),3586,1801,1785
06,Badajoz,901,Valdelacalzada,2582,1335,1247
07,Balears (Illes),1,Alaró,4032,1950,2082
07,Balears (Illes),2,Alaior,7390,3679,3711
07,Balears (Illes),3,Alcúdia,12152,6136,6016
07,Balears (Illes),4,Algaida,3753,1896,1857
07,Balears (Illes),5,Andratx,8655,4346,4309
07,Balears (Illes),6,Artà,6140,3071,3069
07,Balears (Illes),7,Banyalbufar,520,282,238
07,Balears (Illes),8,Binissalem,5193,2503,2690
07,Balears (Illes),9,Búger,932,472,460
07,Balears (Illes),10,Bunyola,4745,2340,2405
07,Balears (Illes),11,Calvià,37419,18777,18642
07,Balears (Illes),12,Campanet,2346,1161,1185
07,Balears (Illes),13,Campos,7074,3568,3506
07,Balears (Illes),14,Capdepera,8008,4029,3979
07,Balears (Illes),15,Ciutadella de Menorca,22925,11433,11492
07,Balears (Illes),16,Consell,2327,1157,1170
07,Balears (Illes),17,Costitx,903,442,461
07,Balears (Illes),18,Deyá,652,328,324
07,Balears (Illes),19,Escorca,318,168,150
07,Balears (Illes),20,Esporles,3993,1982,2011
07,Balears (Illes),21,Estellencs,357,181,176
07,Balears (Illes),22,Felanitx,15238,7625,7613
07,Balears (Illes),23,Ferreries,4061,2124,1937
07,Balears (Illes),24,Formentera,6289,3196,3093
07,Balears (Illes),25,Fornalutx,627,312,315
07,Balears (Illes),26,Eivissa,33223,16590,16633
07,Balears (Illes),27,Inca,22402,11107,11295
07,Balears (Illes),28,Lloret de Vista Alegre,933,457,476
07,Balears (Illes),29,Lloseta,4630,2308,2322
07,Balears (Illes),30,Llubí,1909,949,960
07,Balears (Illes),31,Llucmajor,23723,11866,11857
07,Balears (Illes),32,Mahón,23189,11314,11875
07,Balears (Illes),33,Manacor,30923,15386,15537
07,Balears (Illes),34,Mancor de la Vall,914,448,466
07,Balears (Illes),35,Maria de la Salut,1819,897,922
07,Balears (Illes),36,Marratxí,20924,10531,10393
07,Balears (Illes),37,Mercadal (Es),3104,1571,1533
07,Balears (Illes),38,Montuïri,2317,1149,1168
07,Balears (Illes),39,Muro,6340,3175,3165
07,Balears (Illes),40,Palma de Mallorca,333925,162727,171198
07,Balears (Illes),41,Petra,2600,1278,1322
07,Balears (Illes),42,Pollença,14358,7158,7200
07,Balears (Illes),43,Porreres,4283,2168,2115
07,Balears (Illes),44,Pobla (Sa),10347,5335,5012
07,Balears (Illes),45,Puigpunyent,1249,626,623
07,Balears (Illes),46,Sant Antoni de Portmany,15775,8028,7747
07,Balears (Illes),47,Sencelles,2125,1097,1028
07,Balears (Illes),48,San José,14428,7372,7056
07,Balears (Illes),49,Sant Joan,1686,833,853
07,Balears (Illes),50,Sant Joan de Labritja,4194,2119,2075
07,Balears (Illes),51,Sant Llorenç des Cardassar,6211,3121,3090
07,Balears (Illes),52,Sant Lluís,4395,2220,2175
07,Balears (Illes),53,Santa Eugènia,1228,610,618
07,Balears (Illes),54,Santa Eulalia del Río,21991,11274,10717
07,Balears (Illes),55,Santa Margalida,7943,3953,3990
07,Balears (Illes),56,Santa María del Camí,4740,2342,2398
07,Balears (Illes),57,Santanyí,8957,4527,4430
07,Balears (Illes),58,Selva,2983,1457,1526
07,Balears (Illes),59,Salines (Ses),3528,1804,1724
07,Balears (Illes),60,Sineu,2724,1336,1388
07,Balears (Illes),61,Sóller,11521,5727,5794
07,Balears (Illes),62,Son Servera,9562,4832,4730
07,Balears (Illes),63,Valldemosa,1670,810,860
07,Balears (Illes),64,Castell (Es),6504,3286,3218
07,Balears (Illes),65,Vilafranca de Bonany,2366,1162,1204
07,Balears (Illes),901,Ariany,790,397,393
07,Balears (Illes),902,Migjorn Gran (Es),1148,590,558
08,Barcelona,1,Abrera,8177,4203,3974
08,Barcelona,2,Aguilar de Segarra,213,106,107
08,Barcelona,3,Alella,8413,4180,4233
08,Barcelona,4,Alpens,264,140,124
08,Barcelona,5,Ametlla del Vallès (L'),5697,2823,2874
08,Barcelona,6,Arenys de Mar,12610,6046,6564
08,Barcelona,7,Arenys de Munt,6242,3097,3145
08,Barcelona,8,Argençola,196,105,91
08,Barcelona,9,Argentona,9482,4706,4776
08,Barcelona,10,Artés,4368,2173,2195
08,Barcelona,11,Avià,1845,930,915
08,Barcelona,12,Avinyó,1999,977,1022
08,Barcelona,13,Avinyonet del Penedès,1167,619,548
08,Barcelona,14,Aiguafreda,2147,1054,1093
08,Barcelona,15,Badalona,208944,103124,105820
08,Barcelona,16,Bagà,2078,1004,1074
08,Barcelona,17,Balenyà,3125,1560,1565
08,Barcelona,18,Balsareny,3230,1590,1640
08,Barcelona,19,Barcelona,1496266,699645,796621
08,Barcelona,20,Begues,4189,2108,2081
08,Barcelona,21,Bellprat,95,55,40
08,Barcelona,22,Berga,14305,6929,7376
08,Barcelona,23,Bigues i Riells,5436,2848,2588
08,Barcelona,24,Borredà,485,243,242
08,Barcelona,25,Bruc (El),1029,544,485
08,Barcelona,26,Brull (El),197,109,88
08,Barcelona,27,Cabanyes (Les),544,290,254
08,Barcelona,28,Cabrera d'Igualada,528,291,237
08,Barcelona,29,Cabrera de Mar,3716,1899,1817
08,Barcelona,30,Cabrils,4693,2293,2400
08,Barcelona,31,Calaf,3016,1500,1516
08,Barcelona,32,Caldes d'Estrac,1973,951,1022
08,Barcelona,33,Caldes de Montbui,12464,6149,6315
08,Barcelona,34,Calders,763,395,368
08,Barcelona,35,Calella,13055,6319,6736
08,Barcelona,36,Calonge de Segarra,196,101,95
08,Barcelona,37,Calldetenes,2006,1036,970
08,Barcelona,38,Callús,1329,661,668
08,Barcelona,39,Campins,292,150,142
08,Barcelona,40,Canet de Mar,10138,4946,5192
08,Barcelona,41,Canovelles,13016,6566,6450
08,Barcelona,42,Cànoves i Samalús,1870,968,902
08,Barcelona,43,Canyelles,1838,983,855
08,Barcelona,44,Capellades,4881,2390,2491
08,Barcelona,45,Capolat,63,38,25
08,Barcelona,46,Cardedeu,12078,6005,6073
08,Barcelona,47,Cardona,5567,2707,2860
08,Barcelona,48,Carme,686,350,336
08,Barcelona,49,Casserres,1634,778,856
08,Barcelona,50,Castellar del Riu,114,66,48
08,Barcelona,51,Castellar del Vallès,17444,8714,8730
08,Barcelona,52,Castellar de n'Hug,188,97,91
08,Barcelona,53,Castellbell i el Vilar,2753,1379,1374
08,Barcelona,54,Castellbisbal,7887,4073,3814
08,Barcelona,55,Castellcir,366,204,162
08,Barcelona,56,Castelldefels,45091,22538,22553
08,Barcelona,57,Castell de l'Areny,48,30,18
08,Barcelona,58,Castellet i la Gornal,1404,705,699
08,Barcelona,59,Castellfollit del Boix,384,186,198
08,Barcelona,60,Castellfollit de Riubregós,233,117,116
08,Barcelona,61,Castellgalí,928,477,451
08,Barcelona,62,Castellnou de Bages,526,276,250
08,Barcelona,63,Castellolí,427,219,208
08,Barcelona,64,Castellterçol,2000,983,1017
08,Barcelona,65,Castellví de la Marca,1445,730,715
08,Barcelona,66,Castellví de Rosanes,1096,563,533
08,Barcelona,67,Centelles,5793,2851,2942
08,Barcelona,68,Cervelló,6064,3033,3031
08,Barcelona,69,Collbató,2099,1124,975
08,Barcelona,70,Collsuspina,254,137,117
08,Barcelona,71,Copons,271,128,143
08,Barcelona,72,Corbera de Llobregat,9090,4636,4454
08,Barcelona,73,Cornellà de Llobregat,80998,39716,41282
08,Barcelona,74,Cubelles,6497,3321,3176
08,Barcelona,75,Dosrius,2846,1453,1393
08,Barcelona,76,Esparreguera,17060,8643,8417
08,Barcelona,77,Esplugues de Llobregat,45668,22474,23194
08,Barcelona,78,Espunyola (L'),276,138,138
08,Barcelona,79,Estany (L'),398,189,209
08,Barcelona,80,Fígols,50,29,21
08,Barcelona,81,Fogars de Montclús,350,182,168
08,Barcelona,82,Fogars de la Selva,692,359,333
08,Barcelona,83,Folgueroles,1598,797,801
08,Barcelona,84,Fonollosa,941,476,465
08,Barcelona,85,Font-rubí,1200,622,578
08,Barcelona,86,Franqueses del Vallès (Les),12300,6139,6161
08,Barcelona,87,Gallifa,156,82,74
08,Barcelona,88,Garriga (La),11547,5593,5954
08,Barcelona,89,Gavà,39220,19524,19696
08,Barcelona,90,Gaià,168,88,80
08,Barcelona,91,Gelida,4354,2174,2180
08,Barcelona,92,Gironella,4867,2349,2518
08,Barcelona,93,Gisclareny,26,14,12
08,Barcelona,94,Granada (La),1329,645,684
08,Barcelona,95,Granera,59,40,19
08,Barcelona,96,Granollers,52423,25564,26859
08,Barcelona,97,Gualba,783,409,374
08,Barcelona,98,Sant Salvador de Guardiola,1994,1015,979
08,Barcelona,99,Guardiola de Berguedà,1013,508,505
08,Barcelona,100,Gurb,1898,967,931
08,Barcelona,101,Hospitalet de Llobregat (L'),241782,118140,123642
08,Barcelona,102,Igualada,32516,15815,16701
08,Barcelona,103,Jorba,572,273,299
08,Barcelona,104,Llacuna (La),849,441,408
08,Barcelona,105,Llagosta (La),11933,5968,5965
08,Barcelona,106,Llinars del Vallès,6877,3469,3408
08,Barcelona,107,Lliçà d'Amunt,9595,4954,4641
08,Barcelona,108,Lliçà de Vall,5070,2610,2460
08,Barcelona,109,Lluçà,288,158,130
08,Barcelona,110,Malgrat de Mar,13686,6827,6859
08,Barcelona,111,Malla,255,115,140
08,Barcelona,112,Manlleu,17520,8722,8798
08,Barcelona,113,Manresa,63742,30608,33134
08,Barcelona,114,Martorell,21314,10727,10587
08,Barcelona,115,Martorelles,4895,2450,2445
08,Barcelona,116,Masies de Roda (Les),655,327,328
08,Barcelona,117,Masies de Voltregà (Les),2703,1309,1394
08,Barcelona,118,Masnou (El),21076,10207,10869
08,Barcelona,119,Masquefa,4582,2331,2251
08,Barcelona,120,Matadepera,6924,3474,3450
08,Barcelona,121,Mataró,104659,51324,53335
08,Barcelona,122,Mediona,1446,745,701
08,Barcelona,123,Molins de Rei,19723,9664,10059
08,Barcelona,124,Mollet del Vallès,46204,23079,23125
08,Barcelona,125,Montcada i Reixac,27952,13793,14159
08,Barcelona,126,Montgat,8305,4092,4213
08,Barcelona,127,Monistrol de Montserrat,2490,1261,1229
08,Barcelona,128,Monistrol de Calders,597,296,301
08,Barcelona,129,Muntanyola,311,168,143
08,Barcelona,130,Montclar,117,61,56
08,Barcelona,131,Montesquiu,844,412,432
08,Barcelona,132,Montmajor,473,244,229
08,Barcelona,133,Montmaneu,194,102,92
08,Barcelona,134,Figaró-Montmany,825,436,389
08,Barcelona,135,Montmeló,8437,4207,4230
08,Barcelona,136,Montornès del Vallès,12426,6254,6172
08,Barcelona,137,Montseny,301,155,146
08,Barcelona,138,Moià,3988,1961,2027
08,Barcelona,139,Mura,217,118,99
08,Barcelona,140,Navarcles,5318,2641,2677
08,Barcelona,141,Navàs,5722,2830,2892
08,Barcelona,142,Nou de Berguedà (La),153,83,70
08,Barcelona,143,Òdena,2681,1337,1344
08,Barcelona,144,Olvan,899,433,466
08,Barcelona,145,Olèrdola,2232,1141,1091
08,Barcelona,146,Olesa de Bonesvalls,942,512,430
08,Barcelona,147,Olesa de Montserrat,17151,8640,8511
08,Barcelona,148,Olivella,1319,702,617
08,Barcelona,149,Olost,1160,568,592
08,Barcelona,150,Orís,226,114,112
08,Barcelona,151,Oristà,645,314,331
08,Barcelona,152,Orpí,147,78,69
08,Barcelona,153,Òrrius,420,220,200
08,Barcelona,154,Pacs del Penedès,653,325,328
08,Barcelona,155,Palafolls,5235,2627,2608
08,Barcelona,156,Palau de Plegamans,11089,5653,5436
08,Barcelona,157,Pallejà,7258,3661,3597
08,Barcelona,158,Papiol (El),3464,1721,1743
08,Barcelona,159,Parets del Vallès,14478,7335,7143
08,Barcelona,160,Perafita,368,181,187
08,Barcelona,161,Piera,8540,4361,4179
08,Barcelona,162,Hostalets de Pierola (Els),1239,642,597
08,Barcelona,163,Pineda de Mar,20057,10014,10043
08,Barcelona,164,Pla del Penedès (El),923,461,462
08,Barcelona,165,Pobla de Claramunt (La),1656,846,810
08,Barcelona,166,Pobla de Lillet (La),1455,715,740
08,Barcelona,167,Polinyà,4657,2396,2261
08,Barcelona,168,Pontons,363,193,170
08,Barcelona,169,Prat de Llobregat (El),62956,31518,31438
08,Barcelona,170,Prats de Rei (Els),537,267,270
08,Barcelona,171,Prats de Lluçanès,2750,1342,1408
08,Barcelona,172,Premià de Mar,26130,13005,13125
08,Barcelona,174,Puigdàlber,333,150,183
08,Barcelona,175,Puig-reig,4319,2087,2232
08,Barcelona,176,Pujalt,178,92,86
08,Barcelona,177,Quar (La),79,41,38
08,Barcelona,178,Rajadell,456,234,222
08,Barcelona,179,Rellinars,378,194,184
08,Barcelona,180,Ripollet,29877,14935,14942
08,Barcelona,181,Roca del Vallès (La),7380,3714,3666
08,Barcelona,182,Pont de Vilomara i Rocafort (El),2614,1345,1269
08,Barcelona,183,Roda de Ter,5148,2483,2665
08,Barcelona,184,Rubí,58646,29391,29255
08,Barcelona,185,Rubió,120,68,52
08,Barcelona,187,Sabadell,183727,89079,94648
08,Barcelona,188,Sagàs,155,80,75
08,Barcelona,189,Sant Pere Sallavinera,155,78,77
08,Barcelona,190,Saldes,328,183,145
08,Barcelona,191,Sallent,7159,3449,3710
08,Barcelona,192,Santpedor,5352,2611,2741
08,Barcelona,193,Sant Iscle de Vallalta,839,435,404
08,Barcelona,194,Sant Adrià de Besòs,32452,15946,16506
08,Barcelona,195,Sant Agustí de Lluçanès,121,65,56
08,Barcelona,196,Sant Andreu de la Barca,20140,10277,9863
08,Barcelona,197,Sant Andreu de Llavaneres,7161,3579,3582
08,Barcelona,198,Sant Antoni de Vilamajor,3293,1655,1638
08,Barcelona,199,Sant Bartomeu del Grau,1150,603,547
08,Barcelona,200,Sant Boi de Llobregat,79337,39419,39918
08,Barcelona,201,Sant Boi de Lluçanès,540,273,267
08,Barcelona,202,Sant Celoni,12734,6302,6432
08,Barcelona,203,Sant Cebrià de Vallalta,1757,945,812
08,Barcelona,204,Sant Climent de Llobregat,2950,1473,1477
08,Barcelona,205,Sant Cugat del Vallès,52654,25939,26715
08,Barcelona,206,Sant Cugat Sesgarrigues,731,375,356
08,Barcelona,207,Sant Esteve de Palautordera,1461,737,724
08,Barcelona,208,Sant Esteve Sesrovires,5161,2702,2459
08,Barcelona,209,Sant Fost de Campsentelles,6312,3206,3106
08,Barcelona,210,Sant Feliu de Codines,4290,2135,2155
08,Barcelona,211,Sant Feliu de Llobregat,38435,18972,19463
08,Barcelona,212,Sant Feliu Sasserra,657,321,336
08,Barcelona,213,Sant Fruitós de Bages,5542,2772,2770
08,Barcelona,214,Vilassar de Dalt,7484,3717,3767
08,Barcelona,215,Sant Hipòlit de Voltregà,3005,1485,1520
08,Barcelona,216,Sant Jaume de Frontanyà,28,15,13
08,Barcelona,217,Sant Joan Despí,27627,13638,13989
08,Barcelona,218,Sant Joan de Vilatorrada,9145,4570,4575
08,Barcelona,219,Vilassar de Mar,17000,8327,8673
08,Barcelona,220,Sant Julià de Vilatorta,2269,1106,1163
08,Barcelona,221,Sant Just Desvern,14030,6763,7267
08,Barcelona,222,Sant Llorenç d'Hortons,1547,775,772
08,Barcelona,223,Sant Llorenç Savall,1983,988,995
08,Barcelona,224,Sant Martí de Centelles,729,378,351
08,Barcelona,225,Sant Martí d'Albars,132,64,68
08,Barcelona,226,Sant Martí de Tous,982,494,488
08,Barcelona,227,Sant Martí Sarroca,2478,1229,1249
08,Barcelona,228,Sant Martí Sesgueioles,342,170,172
08,Barcelona,229,Sant Mateu de Bages,491,252,239
08,Barcelona,230,Premià de Dalt,8869,4443,4426
08,Barcelona,231,Sant Pere de Ribes,21976,11111,10865
08,Barcelona,232,Sant Pere de Riudebitlles,2076,1023,1053
08,Barcelona,233,Sant Pere de Torelló,2160,1054,1106
08,Barcelona,234,Sant Pere de Vilamajor,2547,1329,1218
08,Barcelona,235,Sant Pol de Mar,3594,1863,1731
08,Barcelona,236,Sant Quintí de Mediona,1679,826,853
08,Barcelona,237,Sant Quirze de Besora,1978,970,1008
08,Barcelona,238,Sant Quirze del Vallès,12706,6358,6348
08,Barcelona,239,Sant Quirze Safaja,369,197,172
08,Barcelona,240,Sant Sadurní d'Anoia,9539,4734,4805
08,Barcelona,241,Sant Sadurní d'Osormort,76,41,35
08,Barcelona,242,Marganell,243,108,135
08,Barcelona,243,Santa Cecília de Voltregà,202,112,90
08,Barcelona,244,Santa Coloma de Cervelló,4691,2351,2340
08,Barcelona,245,Santa Coloma de Gramenet,117127,58139,58988
08,Barcelona,246,Santa Eugènia de Berga,1946,987,959
08,Barcelona,247,Santa Eulàlia de Riuprimer,864,449,415
08,Barcelona,248,Santa Eulàlia de Ronçana,4536,2291,2245
08,Barcelona,249,Santa Fe del Penedès,293,145,148
08,Barcelona,250,Santa Margarida de Montbui,9123,4541,4582
08,Barcelona,251,Santa Margarida i els Monjos,4661,2370,2291
08,Barcelona,252,Barberà del Vallès,26681,13393,13288
08,Barcelona,253,Santa Maria de Besora,183,93,90
08,Barcelona,254,Santa Maria de Corcó,2088,1042,1046
08,Barcelona,255,Santa Maria de Merlès,168,88,80
08,Barcelona,256,Santa Maria de Martorelles,700,340,360
08,Barcelona,257,Santa Maria de Miralles,88,44,44
08,Barcelona,258,Santa Maria d'Oló,1006,519,487
08,Barcelona,259,Santa Maria de Palautordera,6306,3193,3113
08,Barcelona,260,Santa Perpètua de Mogoda,19084,9630,9454
08,Barcelona,261,Santa Susanna,1908,987,921
08,Barcelona,262,Sant Vicenç de Castellet,7212,3457,3755
08,Barcelona,263,Sant Vicenç dels Horts,24438,12273,12165
08,Barcelona,264,Sant Vicenç de Montalt,3334,1701,1633
08,Barcelona,265,Sant Vicenç de Torelló,1786,863,923
08,Barcelona,266,Cerdanyola del Vallès,52778,26403,26375
08,Barcelona,267,Sentmenat,5675,2823,2852
08,Barcelona,268,Cercs,1454,727,727
08,Barcelona,269,Seva,2510,1284,1226
08,Barcelona,270,Sitges,19448,5458,13990
08,Barcelona,271,Sobremunt,87,41,46
08,Barcelona,272,Sora,189,103,86
08,Barcelona,273,Subirats,2529,1273,1256
08,Barcelona,274,Súria,6157,3026,3131
08,Barcelona,275,Tavèrnoles,272,132,140
08,Barcelona,276,Tagamanent,195,107,88
08,Barcelona,277,Talamanca,107,61,46
08,Barcelona,278,Taradell,5000,2484,2516
08,Barcelona,279,Terrassa,171794,83957,87837
08,Barcelona,280,Tavertet,140,75,65
08,Barcelona,281,Teià,5280,2657,2623
08,Barcelona,282,Tiana,5663,2804,2859
08,Barcelona,283,Tona,5868,2914,2954
08,Barcelona,284,Tordera,9798,4961,4837
08,Barcelona,285,Torelló,12150,5913,6237
08,Barcelona,286,Torre de Claramunt (La),2371,1228,1143
08,Barcelona,287,Torrelavit,1172,597,575
08,Barcelona,288,Torrelles de Foix,1684,896,788
08,Barcelona,289,Torrelles de Llobregat,3574,1820,1754
08,Barcelona,290,Ullastrell,1114,571,543
08,Barcelona,291,Vacarisses,2687,1419,1268
08,Barcelona,292,Vallbona d'Anoia,1089,558,531
08,Barcelona,293,Vallcebre,269,142,127
08,Barcelona,294,Vallgorguina,1325,698,627
08,Barcelona,295,Vallirana,9004,4564,4440
08,Barcelona,296,Vallromanes,1374,711,663
08,Barcelona,297,Veciana,154,83,71
08,Barcelona,298,Vic,31533,15191,16342
08,Barcelona,299,Vilada,522,266,256
08,Barcelona,300,Viladecavalls,5755,2904,2851
08,Barcelona,301,Viladecans,56112,28262,27850
08,Barcelona,302,Vilanova del Camí,10203,5127,5076
08,Barcelona,303,Vilanova de Sau,320,150,170
08,Barcelona,304,Vilobí del Penedès,874,450,424
08,Barcelona,305,Vilafranca del Penedès,30024,14744,15280
08,Barcelona,306,Vilalba Sasserra,454,245,209
08,Barcelona,307,Vilanova i la Geltrú,52389,25734,26655
08,Barcelona,308,Viver i Serrateix,188,96,92
08,Barcelona,901,Rupit i Pruit,354,178,176
08,Barcelona,902,Vilanova del Vallès,2314,1174,1140
08,Barcelona,903,Sant Julià de Cerdanyola,227,122,105
08,Barcelona,904,Badia del Vallès,15533,7825,7708
08,Barcelona,905,Palma de Cervelló (La),2607,1319,1288
09,Burgos,1,Abajas,48,26,22
09,Burgos,3,Adrada de Haza,286,157,129
09,Burgos,6,Aguas Cándidas,93,55,38
09,Burgos,7,Aguilar de Bureba,86,44,42
09,Burgos,9,Albillos,158,88,70
09,Burgos,10,Alcocero de Mola,54,33,21
09,Burgos,11,Alfoz de Bricia,149,76,73
09,Burgos,12,Alfoz de Santa Gadea,179,85,94
09,Burgos,13,Altable,58,36,22
09,Burgos,14,Altos (Los),230,136,94
09,Burgos,16,Ameyugo,77,40,37
09,Burgos,17,Anguix,150,74,76
09,Burgos,18,Aranda de Duero,29762,14842,14920
09,Burgos,19,Arandilla,206,123,83
09,Burgos,20,Arauzo de Miel,395,216,179
09,Burgos,21,Arauzo de Salce,75,41,34
09,Burgos,22,Arauzo de Torre,109,62,47
09,Burgos,23,Arcos,276,149,127
09,Burgos,24,Arenillas de Riopisuerga,238,127,111
09,Burgos,25,Arija,221,110,111
09,Burgos,26,Arlanzón,404,219,185
09,Burgos,27,Arraya de Oca,54,27,27
09,Burgos,29,Atapuerca,202,104,98
09,Burgos,30,Ausines (Los),144,79,65
09,Burgos,32,Avellanosa de Muñó,162,85,77
09,Burgos,33,Bahabón de Esgueva,139,81,58
09,Burgos,34,Balbases (Los),368,191,177
09,Burgos,35,Baños de Valdearados,464,254,210
09,Burgos,36,Bañuelos de Bureba,45,28,17
09,Burgos,37,Barbadillo de Herreros,151,85,66
09,Burgos,38,Barbadillo del Mercado,167,94,73
09,Burgos,39,Barbadillo del Pez,107,58,49
09,Burgos,41,Barrio de Muñó,36,21,15
09,Burgos,43,Barrios de Bureba (Los),266,144,122
09,Burgos,44,Barrios de Colina,76,42,34
09,Burgos,45,Basconcillos del Tozo,373,204,169
09,Burgos,46,Bascuñana,66,36,30
09,Burgos,47,Belbimbre,75,41,34
09,Burgos,48,Belorado,2093,1057,1036
09,Burgos,50,Berberana,89,43,46
09,Burgos,51,Berlangas de Roa,264,137,127
09,Burgos,52,Berzosa de Bureba,53,32,21
09,Burgos,54,Bozoó,115,61,54
09,Burgos,55,Brazacorta,100,56,44
09,Burgos,56,Briviesca,6235,3102,3133
09,Burgos,57,Bugedo,100,73,27
09,Burgos,58,Buniel,188,107,81
09,Burgos,59,Burgos,163358,78740,84618
09,Burgos,60,Busto de Bureba,229,122,107
09,Burgos,61,Cabañes de Esgueva,268,143,125
09,Burgos,62,Cabezón de la Sierra,73,32,41
09,Burgos,63,Cabia,244,136,108
09,Burgos,64,Caleruega,401,213,188
09,Burgos,65,Campillo de Aranda,188,102,86
09,Burgos,66,Campolara,97,53,44
09,Burgos,67,Canicosa de la Sierra,645,338,307
09,Burgos,68,Cantabrana,52,28,24
09,Burgos,70,Carazo,48,28,20
09,Burgos,71,Carcedo de Bureba,49,27,22
09,Burgos,72,Carcedo de Burgos,152,90,62
09,Burgos,73,Cardeñadijo,531,277,254
09,Burgos,74,Cardeñajimeno,444,239,205
09,Burgos,75,Cardeñuela Riopico,89,47,42
09,Burgos,76,Carrias,50,34,16
09,Burgos,77,Cascajares de Bureba,62,35,27
09,Burgos,78,Cascajares de la Sierra,28,11,17
09,Burgos,79,Castellanos de Castro,68,38,30
09,Burgos,82,Castildelgado,82,40,42
09,Burgos,83,Castil de Peones,33,16,17
09,Burgos,84,Castrillo de la Reina,285,173,112
09,Burgos,85,Castrillo de la Vega,592,313,279
09,Burgos,86,Castrillo del Val,411,235,176
09,Burgos,88,Castrillo de Riopisuerga,88,46,42
09,Burgos,90,Castrillo Matajudíos,78,37,41
09,Burgos,91,Castrojeriz,996,507,489
09,Burgos,93,Cayuela,118,69,49
09,Burgos,94,Cebrecos,80,46,34
09,Burgos,95,Celada del Camino,99,45,54
09,Burgos,98,Cerezo de Río Tirón,771,411,360
09,Burgos,100,Cerratón de Juarros,81,45,36
09,Burgos,101,Ciadoncha,124,71,53
09,Burgos,102,Cillaperlata,64,34,30
09,Burgos,103,Cilleruelo de Abajo,325,181,144
09,Burgos,104,Cilleruelo de Arriba,82,45,37
09,Burgos,105,Ciruelos de Cervera,166,90,76
09,Burgos,108,Cogollos,242,131,111
09,Burgos,109,Condado de Treviño,929,520,409
09,Burgos,110,Contreras,119,75,44
09,Burgos,112,Coruña del Conde,173,98,75
09,Burgos,113,Covarrubias,629,333,296
09,Burgos,114,Cubillo del Campo,72,38,34
09,Burgos,115,Cubo de Bureba,113,56,57
09,Burgos,117,Cueva de Roa (La),120,64,56
09,Burgos,119,Cuevas de San Clemente,58,27,31
09,Burgos,120,Encío,67,35,32
09,Burgos,122,Espinosa de Cervera,110,66,44
09,Burgos,123,Espinosa del Camino,45,24,21
09,Burgos,124,Espinosa de los Monteros,2173,1110,1063
09,Burgos,125,Estépar,857,467,390
09,Burgos,127,Fontioso,82,45,37
09,Burgos,128,Frandovínez,91,48,43
09,Burgos,129,Fresneda de la Sierra Tirón,100,55,45
09,Burgos,130,Fresneña,117,61,56
09,Burgos,131,Fresnillo de las Dueñas,313,161,152
09,Burgos,132,Fresno de Río Tirón,266,151,115
09,Burgos,133,Fresno de Rodilla,52,29,23
09,Burgos,134,Frías,276,144,132
09,Burgos,135,Fuentebureba,82,41,41
09,Burgos,136,Fuentecén,276,155,121
09,Burgos,137,Fuentelcésped,191,92,99
09,Burgos,138,Fuentelisendo,125,65,60
09,Burgos,139,Fuentemolinos,123,71,52
09,Burgos,140,Fuentenebro,199,106,93
09,Burgos,141,Fuentespina,577,311,266
09,Burgos,143,Galbarros,34,23,11
09,Burgos,144,Gallega (La),90,49,41
09,Burgos,148,Grijalba,133,65,68
09,Burgos,149,Grisaleña,47,30,17
09,Burgos,151,Gumiel de Izán,610,326,284
09,Burgos,152,Gumiel de Mercado,370,203,167
09,Burgos,154,Hacinas,209,115,94
09,Burgos,155,Haza,41,21,20
09,Burgos,159,Hontanas,69,39,30
09,Burgos,160,Hontangas,152,88,64
09,Burgos,162,Hontoria de la Cantera,127,62,65
09,Burgos,163,Hontoria del Pinar,890,479,411
09,Burgos,164,Hontoria de Valdearados,221,139,82
09,Burgos,166,Hormazas (Las),147,81,66
09,Burgos,167,Hornillos del Camino,74,40,34
09,Burgos,168,Horra (La),452,237,215
09,Burgos,169,Hortigüela,132,84,48
09,Burgos,170,Hoyales de Roa,299,145,154
09,Burgos,172,Huérmeces,157,86,71
09,Burgos,173,Huerta de Arriba,194,101,93
09,Burgos,174,Huerta de Rey,1173,607,566
09,Burgos,175,Humada,233,138,95
09,Burgos,176,Hurones,58,37,21
09,Burgos,177,Ibeas de Juarros,998,549,449
09,Burgos,178,Ibrillos,99,58,41
09,Burgos,179,Iglesiarrubia,63,34,29
09,Burgos,180,Iglesias,187,105,82
09,Burgos,181,Isar,423,196,227
09,Burgos,182,Itero del Castillo,124,66,58
09,Burgos,183,Jaramillo de la Fuente,36,21,15
09,Burgos,184,Jaramillo Quemado,15,10,5
09,Burgos,189,Junta de Traslaloma,190,102,88
09,Burgos,190,Junta de Villalba de Losa,97,47,50
09,Burgos,191,Jurisdicción de Lara,66,37,29
09,Burgos,192,Jurisdicción de San Zadornil,91,40,51
09,Burgos,194,Lerma,2518,1254,1264
09,Burgos,195,Llano de Bureba,57,35,22
09,Burgos,196,Madrigal del Monte,211,114,97
09,Burgos,197,Madrigalejo del Monte,160,90,70
09,Burgos,198,Mahamud,168,83,85
09,Burgos,199,Mambrilla de Castrejón,152,79,73
09,Burgos,200,Mambrillas de Lara,78,39,39
09,Burgos,201,Mamolar,72,37,35
09,Burgos,202,Manciles,47,25,22
09,Burgos,206,Mazuela,88,46,42
09,Burgos,208,Mecerreyes,325,168,157
09,Burgos,209,Medina de Pomar,5166,2618,2548
09,Burgos,211,Melgar de Fernamental,2021,1036,985
09,Burgos,213,Merindad de Cuesta-Urria,516,289,227
09,Burgos,214,Merindad de Montija,949,507,442
09,Burgos,215,Merindad de Sotoscueva,593,326,267
09,Burgos,216,Merindad de Valdeporres,565,291,274
09,Burgos,217,Merindad de Valdivielso,546,286,260
09,Burgos,218,Milagros,456,245,211
09,Burgos,219,Miranda de Ebro,35631,17587,18044
09,Burgos,220,Miraveche,119,70,49
09,Burgos,221,Modúbar de la Emparedada,256,139,117
09,Burgos,223,Monasterio de la Sierra,40,23,17
09,Burgos,224,Monasterio de Rodilla,219,118,101
09,Burgos,225,Moncalvillo,126,74,52
09,Burgos,226,Monterrubio de la Demanda,87,50,37
09,Burgos,227,Montorio,166,86,80
09,Burgos,228,Moradillo de Roa,231,124,107
09,Burgos,229,Nava de Roa,270,142,128
09,Burgos,230,Navas de Bureba,51,26,25
09,Burgos,231,Nebreda,107,68,39
09,Burgos,232,Neila,233,117,116
09,Burgos,235,Olmedillo de Roa,206,109,97
09,Burgos,236,Olmillos de Muñó,46,24,22
09,Burgos,238,Oña,1620,822,798
09,Burgos,239,Oquillas,77,43,34
09,Burgos,241,Orbaneja Riopico,160,93,67
09,Burgos,242,Padilla de Abajo,107,64,43
09,Burgos,243,Padilla de Arriba,132,70,62
09,Burgos,244,Padrones de Bureba,73,40,33
09,Burgos,246,Palacios de la Sierra,880,452,428
09,Burgos,247,Palacios de Riopisuerga,33,17,16
09,Burgos,248,Palazuelos de la Sierra,70,39,31
09,Burgos,249,Palazuelos de Muñó,66,39,27
09,Burgos,250,Pampliega,412,209,203
09,Burgos,251,Pancorbo,491,258,233
09,Burgos,253,Pardilla,121,64,57
09,Burgos,255,Partido de la Sierra en Tobalina,77,48,29
09,Burgos,256,Pedrosa de Duero,558,289,269
09,Burgos,257,Pedrosa del Páramo,119,67,52
09,Burgos,258,Pedrosa del Príncipe,245,128,117
09,Burgos,259,Pedrosa de Río Úrbel,282,158,124
09,Burgos,261,Peñaranda de Duero,601,323,278
09,Burgos,262,Peral de Arlanza,243,128,115
09,Burgos,265,Piérnigas,41,30,11
09,Burgos,266,Pineda de la Sierra,126,70,56
09,Burgos,267,Pineda Trasmonte,190,101,89
09,Burgos,268,Pinilla de los Barruecos,141,75,66
09,Burgos,269,Pinilla de los Moros,51,33,18
09,Burgos,270,Pinilla Trasmonte,224,124,100
09,Burgos,272,Poza de la Sal,384,193,191
09,Burgos,273,Prádanos de Bureba,57,33,24
09,Burgos,274,Pradoluengo,1713,839,874
09,Burgos,275,Presencio,273,147,126
09,Burgos,276,Puebla de Arganzón (La),383,213,170
09,Burgos,277,Puentedura,137,78,59
09,Burgos,279,Quemada,245,139,106
09,Burgos,280,Quintanabureba,46,24,22
09,Burgos,281,Quintana del Pidio,200,106,94
09,Burgos,283,Quintanaélez,98,46,52
09,Burgos,287,Quintanaortuño,144,75,69
09,Burgos,288,Quintanapalla,115,62,53
09,Burgos,289,Quintanar de la Sierra,2078,1066,1012
09,Burgos,292,Quintanavides,85,41,44
09,Burgos,294,Quintanilla de la Mata,169,90,79
09,Burgos,295,Quintanilla del Coco,120,61,59
09,Burgos,297,Quintanillas (Las),345,184,161
09,Burgos,298,Quintanilla San García,104,50,54
09,Burgos,301,Quintanilla Vivar,470,230,240
09,Burgos,302,Rabanera del Pinar,141,75,66
09,Burgos,303,Rábanos,89,55,34
09,Burgos,304,Rabé de las Calzadas,172,92,80
09,Burgos,306,Rebolledo de la Torre,180,100,80
09,Burgos,307,Redecilla del Camino,150,87,63
09,Burgos,308,Redecilla del Campo,88,46,42
09,Burgos,309,Regumiel de la Sierra,480,240,240
09,Burgos,310,Reinoso,24,16,8
09,Burgos,311,Retuerta,72,41,31
09,Burgos,312,Revilla y Ahedo (La),121,66,55
09,Burgos,314,Revilla del Campo,129,68,61
09,Burgos,315,Revillarruz,152,79,73
09,Burgos,316,Revilla Vallejera,130,73,57
09,Burgos,317,Rezmondo,24,12,12
09,Burgos,318,Riocavado de la Sierra,71,40,31
09,Burgos,321,Roa,2249,1145,1104
09,Burgos,323,Rojas,93,56,37
09,Burgos,325,Royuela de Río Franco,338,189,149
09,Burgos,326,Rubena,168,88,80
09,Burgos,327,Rublacedo de Abajo,38,20,18
09,Burgos,328,Rucandio,120,59,61
09,Burgos,329,Salas de Bureba,151,81,70
09,Burgos,330,Salas de los Infantes,2030,1026,1004
09,Burgos,332,Saldaña de Burgos,127,69,58
09,Burgos,334,Salinillas de Bureba,63,36,27
09,Burgos,335,San Adrián de Juarros,54,31,23
09,Burgos,337,San Juan del Monte,168,88,80
09,Burgos,338,San Mamés de Burgos,207,119,88
09,Burgos,339,San Martín de Rubiales,262,134,128
09,Burgos,340,San Millán de Lara,77,50,27
09,Burgos,343,Santa Cecilia,135,74,61
09,Burgos,345,Santa Cruz de la Salceda,192,110,82
09,Burgos,346,Santa Cruz del Valle Urbión,127,74,53
09,Burgos,347,Santa Gadea del Cid,185,99,86
09,Burgos,348,Santa Inés,203,111,92
09,Burgos,350,Santa María del Campo,727,375,352
09,Burgos,351,Santa María del Invierno,61,39,22
09,Burgos,352,Santa María del Mercadillo,189,108,81
09,Burgos,353,Santa María Rivarredonda,131,71,60
09,Burgos,354,Santa Olalla de Bureba,37,15,22
09,Burgos,355,Santibáñez de Esgueva,159,76,83
09,Burgos,356,Santibáñez del Val,63,40,23
09,Burgos,358,Santo Domingo de Silos,316,199,117
09,Burgos,360,San Vicente del Valle,37,24,13
09,Burgos,361,Sargentes de la Lora,171,92,79
09,Burgos,362,Sarracín,213,116,97
09,Burgos,363,Sasamón,1511,813,698
09,Burgos,365,Sequera de Haza (La),63,36,27
09,Burgos,366,Solarana,111,64,47
09,Burgos,368,Sordillos,39,23,16
09,Burgos,369,Sotillo de la Ribera,611,340,271
09,Burgos,372,Sotragero,173,90,83
09,Burgos,373,Sotresgudo,730,396,334
09,Burgos,374,Susinos del Páramo,110,52,58
09,Burgos,375,Tamarón,53,32,21
09,Burgos,377,Tardajos,642,344,298
09,Burgos,378,Tejada,55,32,23
09,Burgos,380,Terradillos de Esgueva,129,65,64
09,Burgos,381,Tinieblas de la Sierra,53,24,29
09,Burgos,382,Tobar,52,30,22
09,Burgos,384,Tordómar,402,227,175
09,Burgos,386,Torrecilla del Monte,76,41,35
09,Burgos,387,Torregalindo,143,81,62
09,Burgos,388,Torrelara,26,13,13
09,Burgos,389,Torrepadre,123,67,56
09,Burgos,390,Torresandino,838,451,387
09,Burgos,391,Tórtoles de Esgueva,524,297,227
09,Burgos,392,Tosantos,62,32,30
09,Burgos,394,Trespaderne,1057,550,507
09,Burgos,395,Tubilla del Agua,209,129,80
09,Burgos,396,Tubilla del Lago,194,105,89
09,Burgos,398,Úrbel del Castillo,93,54,39
09,Burgos,400,Vadocondes,437,228,209
09,Burgos,403,Valdeande,146,86,60
09,Burgos,405,Valdezate,194,102,92
09,Burgos,406,Valdorros,119,64,55
09,Burgos,407,Valmala,32,15,17
09,Burgos,408,Vallarta de Bureba,70,40,30
09,Burgos,409,Valle de Manzanedo,133,71,62
09,Burgos,410,Valle de Mena,3376,1720,1656
09,Burgos,411,Valle de Oca,216,107,109
09,Burgos,412,Valle de Tobalina,1096,567,529
09,Burgos,413,Valle de Valdebezana,760,409,351
09,Burgos,414,Valle de Valdelaguna,238,132,106
09,Burgos,415,Valle de Valdelucio,375,206,169
09,Burgos,416,Valle de Zamanzas,79,49,30
09,Burgos,417,Vallejera,64,37,27
09,Burgos,418,Valles de Palenzuela,107,55,52
09,Burgos,419,Valluércanes,120,65,55
09,Burgos,421,Vid y Barrios (La),334,188,146
09,Burgos,422,Vid de Bureba (La),44,22,22
09,Burgos,423,Vileña,37,24,13
09,Burgos,424,Viloria de Rioja,71,40,31
09,Burgos,425,Vilviestre del Pinar,772,398,374
09,Burgos,427,Villadiego,1988,1081,907
09,Burgos,428,Villaescusa de Roa,176,102,74
09,Burgos,429,Villaescusa la Sombría,57,34,23
09,Burgos,430,Villaespasa,30,17,13
09,Burgos,431,Villafranca Montes de Oca,206,106,100
09,Burgos,432,Villafruela,291,163,128
09,Burgos,433,Villagalijo,70,45,25
09,Burgos,434,Villagonzalo Pedernales,777,387,390
09,Burgos,437,Villahoz,401,203,198
09,Burgos,438,Villalba de Duero,595,314,281
09,Burgos,439,Villalbilla de Burgos,692,372,320
09,Burgos,440,Villalbilla de Gumiel,132,76,56
09,Burgos,441,Villaldemiro,84,45,39
09,Burgos,442,Villalmanzo,494,269,225
09,Burgos,443,Villamayor de los Montes,251,119,132
09,Burgos,444,Villamayor de Treviño,112,64,48
09,Burgos,445,Villambistia,70,42,28
09,Burgos,446,Villamedianilla,29,13,16
09,Burgos,447,Villamiel de la Sierra,43,24,19
09,Burgos,448,Villangómez,335,182,153
09,Burgos,449,Villanueva de Argaño,124,64,60
09,Burgos,450,Villanueva de Carazo,26,14,12
09,Burgos,451,Villanueva de Gumiel,304,158,146
09,Burgos,454,Villanueva de Teba,69,37,32
09,Burgos,455,Villaquirán de la Puebla,64,36,28
09,Burgos,456,Villaquirán de los Infantes,197,96,101
09,Burgos,458,Villariezo,214,116,98
09,Burgos,460,Villasandino,261,134,127
09,Burgos,463,Villasur de Herreros,303,168,135
09,Burgos,464,Villatuelda,70,37,33
09,Burgos,466,Villaverde del Monte,199,108,91
09,Burgos,467,Villaverde-Mogina,115,70,45
09,Burgos,471,Villayerno Morquillas,132,64,68
09,Burgos,472,Villazopeque,88,50,38
09,Burgos,473,Villegas,128,73,55
09,Burgos,476,Villoruebo,56,35,21
09,Burgos,478,Vizcaínos,67,35,32
09,Burgos,480,Zael,141,73,68
09,Burgos,482,Zarzosa de Río Pisuerga,56,34,22
09,Burgos,483,Zazuar,262,136,126
09,Burgos,485,Zuñeda,84,44,40
09,Burgos,901,Quintanilla del Agua y Tordueles,583,302,281
09,Burgos,902,Valle de Santibáñez,626,323,303
09,Burgos,903,Villarcayo de Merindad de Castilla la Vieja,3807,1911,1896
09,Burgos,904,Valle de las Navas,636,354,282
09,Burgos,905,Valle de Sedano,539,293,246
09,Burgos,906,Merindad de Río Ubierna,1305,676,629
09,Burgos,907,Alfoz de Quintanadueñas,671,358,313
09,Burgos,908,Valle de Losa,670,378,292
10,Cáceres,1,Abadía,276,158,118
10,Cáceres,2,Abertura,511,272,239
10,Cáceres,3,Acebo,806,432,374
10,Cáceres,4,Acehuche,944,474,470
10,Cáceres,5,Aceituna,709,363,346
10,Cáceres,6,Ahigal,1564,807,757
10,Cáceres,7,Albalá del Caudillo,850,414,436
10,Cáceres,8,Alcántara,1650,828,822
10,Cáceres,9,Alcollarín,348,164,184
10,Cáceres,10,Alcuéscar,3131,1629,1502
10,Cáceres,11,Aldeacentenera,927,469,458
10,Cáceres,12,Aldea del Cano,801,388,413
10,Cáceres,13,Aldea del Obispo (La),395,208,187
10,Cáceres,14,Aldeanueva de la Vera,2462,1220,1242
10,Cáceres,15,Aldeanueva del Camino,785,404,381
10,Cáceres,16,Aldehuela de Jerte,380,217,163
10,Cáceres,17,Alía,1373,687,686
10,Cáceres,18,Aliseda,2265,1125,1140
10,Cáceres,19,Almaraz,1557,803,754
10,Cáceres,20,Almoharín,2141,1072,1069
10,Cáceres,21,Arroyo de la Luz,6515,3257,3258
10,Cáceres,22,Arroyomolinos de la Vera,583,290,293
10,Cáceres,23,Arroyomolinos,1184,595,589
10,Cáceres,24,Baños de Montemayor,695,328,367
10,Cáceres,25,Barrado,527,269,258
10,Cáceres,26,Belvís de Monroy,604,309,295
10,Cáceres,27,Benquerencia,106,63,43
10,Cáceres,28,Berrocalejo,120,53,67
10,Cáceres,29,Berzocana,607,307,300
10,Cáceres,30,Bohonal de Ibor,580,294,286
10,Cáceres,31,Botija,178,79,99
10,Cáceres,32,Brozas,2328,1157,1171
10,Cáceres,33,Cabañas del Castillo,550,279,271
10,Cáceres,34,Cabezabellosa,523,262,261
10,Cáceres,35,Cabezuela del Valle,2382,1234,1148
10,Cáceres,36,Cabrero,445,233,212
10,Cáceres,37,Cáceres,82235,39590,42645
10,Cáceres,38,Cachorrilla,105,48,57
10,Cáceres,39,Cadalso,585,300,285
10,Cáceres,40,Calzadilla,593,304,289
10,Cáceres,41,Caminomorisco,1228,646,582
10,Cáceres,42,Campillo de Deleitosa,132,64,68
10,Cáceres,43,Campo Lugar,1232,615,617
10,Cáceres,44,Cañamero,1981,1012,969
10,Cáceres,45,Cañaveral,1449,715,734
10,Cáceres,46,Carbajo,280,145,135
10,Cáceres,47,Carcaboso,1098,625,473
10,Cáceres,48,Carrascalejo,423,214,209
10,Cáceres,49,Casar de Cáceres,4716,2371,2345
10,Cáceres,50,Casar de Palomero,1338,671,667
10,Cáceres,51,Casares de las Hurdes,728,361,367
10,Cáceres,52,Casas de Don Antonio,238,116,122
10,Cáceres,53,Casas de Don Gómez,343,179,164
10,Cáceres,54,Casas del Castañar,693,344,349
10,Cáceres,55,Casas del Monte,891,468,423
10,Cáceres,56,Casas de Millán,809,416,393
10,Cáceres,57,Casas de Miravete,182,97,85
10,Cáceres,58,Casatejada,1319,670,649
10,Cáceres,59,Casillas de Coria,540,256,284
10,Cáceres,60,Castañar de Ibor,1354,692,662
10,Cáceres,61,Ceclavín,2228,1133,1095
10,Cáceres,62,Cedillo,543,282,261
10,Cáceres,63,Cerezo,228,108,120
10,Cáceres,64,Cilleros,2156,1090,1066
10,Cáceres,65,Collado,231,122,109
10,Cáceres,66,Conquista de la Sierra,193,92,101
10,Cáceres,67,Coria,12540,6291,6249
10,Cáceres,68,Cuacos de Yuste,957,502,455
10,Cáceres,69,Cumbre (La),1161,587,574
10,Cáceres,70,Deleitosa,898,447,451
10,Cáceres,71,Descargamaría,288,151,137
10,Cáceres,72,Eljas,1230,625,605
10,Cáceres,73,Escurial,914,460,454
10,Cáceres,75,Fresnedoso de Ibor,366,179,187
10,Cáceres,76,Galisteo,1985,1007,978
10,Cáceres,77,Garciaz,1038,533,505
10,Cáceres,78,Garganta (La),601,316,285
10,Cáceres,79,Garganta la Olla,1040,545,495
10,Cáceres,80,Gargantilla,495,262,233
10,Cáceres,81,Gargüera,193,100,93
10,Cáceres,82,Garrovillas,2509,1234,1275
10,Cáceres,83,Garvín,127,70,57
10,Cáceres,84,Gata,1893,955,938
10,Cáceres,85,Gordo (El),312,153,159
10,Cáceres,86,Granja (La),415,229,186
10,Cáceres,87,Guadalupe,2365,1170,1195
10,Cáceres,88,Guijo de Coria,291,154,137
10,Cáceres,89,Guijo de Galisteo,1830,932,898
10,Cáceres,90,Guijo de Granadilla,731,365,366
10,Cáceres,91,Guijo de Santa Bárbara,489,243,246
10,Cáceres,92,Herguijuela,436,214,222
10,Cáceres,93,Hernán-Pérez,497,258,239
10,Cáceres,94,Herrera de Alcántara,309,154,155
10,Cáceres,95,Herreruela,470,247,223
10,Cáceres,96,Hervás,3839,1863,1976
10,Cáceres,97,Higuera,111,59,52
10,Cáceres,98,Hinojal,425,201,224
10,Cáceres,99,Holguera,813,412,401
10,Cáceres,100,Hoyos,978,504,474
10,Cáceres,101,Huélaga,208,107,101
10,Cáceres,102,Ibahernando,727,353,374
10,Cáceres,103,Jaraicejo,724,353,371
10,Cáceres,104,Jaraíz de la Vera,6479,3290,3189
10,Cáceres,105,Jarandilla de la Vera,3103,1546,1557
10,Cáceres,106,Jarilla,190,95,95
10,Cáceres,107,Jerte,1302,682,620
10,Cáceres,108,Ladrillar,314,168,146
10,Cáceres,109,Logrosán,2492,1270,1222
10,Cáceres,110,Losar de la Vera,3094,1618,1476
10,Cáceres,111,Madrigal de la Vera,1677,878,799
10,Cáceres,112,Madrigalejo,2237,1101,1136
10,Cáceres,113,Madroñera,3127,1565,1562
10,Cáceres,114,Majadas,1255,692,563
10,Cáceres,115,Malpartida de Cáceres,4338,2177,2161
10,Cáceres,116,Malpartida de Plasencia,4119,2006,2113
10,Cáceres,117,Marchagaz,322,161,161
10,Cáceres,118,Mata de Alcántara,387,200,187
10,Cáceres,119,Membrío,873,414,459
10,Cáceres,120,Mesas de Ibor,211,110,101
10,Cáceres,121,Miajadas,9315,4653,4662
10,Cáceres,122,Millanes,196,109,87
10,Cáceres,123,Mirabel,812,404,408
10,Cáceres,124,Mohedas de Granadilla,1122,562,560
10,Cáceres,125,Monroy,1059,555,504
10,Cáceres,126,Montánchez,2157,1064,1093
10,Cáceres,127,Montehermoso,5356,2647,2709
10,Cáceres,128,Moraleja,7958,3942,4016
10,Cáceres,129,Morcillo,484,238,246
10,Cáceres,130,Navaconcejo,2035,1031,1004
10,Cáceres,131,Navalmoral de la Mata,14838,7422,7416
10,Cáceres,132,Navalvillar de Ibor,515,269,246
10,Cáceres,133,Navas del Madroño,1536,770,766
10,Cáceres,134,Navezuelas,731,383,348
10,Cáceres,135,Nuñomoral,1760,929,831
10,Cáceres,136,Oliva de Plasencia,302,157,145
10,Cáceres,137,Palomero,540,269,271
10,Cáceres,138,Pasarón de la Vera,701,345,356
10,Cáceres,139,Pedroso de Acim,140,74,66
10,Cáceres,140,Peraleda de la Mata,1372,686,686
10,Cáceres,141,Peraleda de San Román,412,197,215
10,Cáceres,142,Perales del Puerto,993,490,503
10,Cáceres,143,Pescueza,205,95,110
10,Cáceres,144,Pesga (La),1217,662,555
10,Cáceres,145,Piedras Albas,210,100,110
10,Cáceres,146,Pinofranqueado,1693,926,767
10,Cáceres,147,Piornal,1566,769,797
10,Cáceres,148,Plasencia,37018,18098,18920
10,Cáceres,149,Plasenzuela,551,258,293
10,Cáceres,150,Portaje,407,197,210
10,Cáceres,151,Portezuelo,312,151,161
10,Cáceres,152,Pozuelo de Zarzón,624,301,323
10,Cáceres,153,Puerto de Santa Cruz,427,209,218
10,Cáceres,154,Rebollar,246,126,120
10,Cáceres,155,Riolobos,1506,797,709
10,Cáceres,156,Robledillo de Gata,175,93,82
10,Cáceres,157,Robledillo de la Vera,327,162,165
10,Cáceres,158,Robledillo de Trujillo,498,259,239
10,Cáceres,159,Robledollano,430,232,198
10,Cáceres,160,Romangordo,185,86,99
10,Cáceres,161,Ruanes,108,58,50
10,Cáceres,162,Salorino,796,398,398
10,Cáceres,163,Salvatierra de Santiago,423,218,205
10,Cáceres,164,San Martín de Trevejo,998,494,504
10,Cáceres,165,Santa Ana,336,171,165
10,Cáceres,166,Santa Cruz de la Sierra,366,188,178
10,Cáceres,167,Santa Cruz de Paniagua,450,242,208
10,Cáceres,168,Santa Marta de Magasca,373,187,186
10,Cáceres,169,Santiago de Alcántara,751,372,379
10,Cáceres,170,Santiago del Campo,314,157,157
10,Cáceres,171,Santibáñez el Alto,563,293,270
10,Cáceres,172,Santibáñez el Bajo,1027,528,499
10,Cáceres,173,Saucedilla,614,316,298
10,Cáceres,174,Segura de Toro,205,110,95
10,Cáceres,175,Serradilla,1919,983,936
10,Cáceres,176,Serrejón,496,254,242
10,Cáceres,177,Sierra de Fuentes,1656,849,807
10,Cáceres,178,Talaván,1012,503,509
10,Cáceres,179,Talaveruela de la Vera,458,216,242
10,Cáceres,180,Talayuela,9444,5715,3729
10,Cáceres,181,Tejeda de Tiétar,1026,544,482
10,Cáceres,182,Toril,198,126,72
10,Cáceres,183,Tornavacas,1328,712,616
10,Cáceres,184,Torno (El),941,478,463
10,Cáceres,185,Torrecilla de los Ángeles,733,375,358
10,Cáceres,186,Torrecillas de la Tiesa,1185,598,587
10,Cáceres,187,Torre de Don Miguel,671,335,336
10,Cáceres,188,Torre de Santa María,739,370,369
10,Cáceres,189,Torrejoncillo,3557,1728,1829
10,Cáceres,190,Torrejón el Rubio,704,364,340
10,Cáceres,191,Torremenga,543,277,266
10,Cáceres,192,Torremocha,1277,616,661
10,Cáceres,193,Torreorgaz,1665,833,832
10,Cáceres,194,Torrequemada,586,278,308
10,Cáceres,195,Trujillo,8713,4199,4514
10,Cáceres,196,Valdastillas,401,200,201
10,Cáceres,197,Valdecañas de Tajo,284,151,133
10,Cáceres,198,Valdefuentes,1555,781,774
10,Cáceres,199,Valdehúncar,214,106,108
10,Cáceres,200,Valdelacasa de Tajo,539,252,287
10,Cáceres,201,Valdemorales,273,134,139
10,Cáceres,202,Valdeobispo,800,393,407
10,Cáceres,203,Valencia de Alcántara,6240,3056,3184
10,Cáceres,204,Valverde de la Vera,560,289,271
10,Cáceres,205,Valverde del Fresno,2651,1340,1311
10,Cáceres,206,Viandar de la Vera,323,154,169
10,Cáceres,207,Villa del Campo,679,333,346
10,Cáceres,208,Villa del Rey,181,95,86
10,Cáceres,209,Villamesías,370,183,187
10,Cáceres,210,Villamiel,691,396,295
10,Cáceres,211,Villanueva de la Sierra,616,297,319
10,Cáceres,212,Villanueva de la Vera,2006,1008,998
10,Cáceres,213,Villar del Pedroso,813,407,406
10,Cáceres,214,Villar de Plasencia,275,139,136
10,Cáceres,215,Villasbuenas de Gata,504,262,242
10,Cáceres,216,Zarza de Granadilla,1784,914,870
10,Cáceres,217,Zarza de Montánchez,618,306,312
10,Cáceres,218,Zarza la Mayor,1712,866,846
10,Cáceres,219,Zorita,1987,994,993
10,Cáceres,901,Rosalejo,1766,991,775
11,Cádiz,1,Alcalá de los Gazules,5563,2880,2683
11,Cádiz,2,Alcalá del Valle,5271,2983,2288
11,Cádiz,3,Algar,1778,950,828
11,Cádiz,4,Algeciras,104087,51166,52921
11,Cádiz,5,Algodonales,5617,2883,2734
11,Cádiz,6,Arcos de la Frontera,27979,14027,13952
11,Cádiz,7,Barbate,22020,11041,10979
11,Cádiz,8,Barrios (Los),16825,8447,8378
11,Cádiz,9,Benaocaz,659,342,317
11,Cádiz,10,Bornos,7897,3916,3981
11,Cádiz,11,Bosque (El),1875,959,916
11,Cádiz,12,Cádiz,140061,67180,72881
11,Cádiz,13,Castellar de la Frontera,2531,1295,1236
11,Cádiz,14,Conil de la Frontera,17773,9016,8757
11,Cádiz,15,Chiclana de la Frontera,59857,30411,29446
11,Cádiz,16,Chipiona,16539,8352,8187
11,Cádiz,17,Espera,3971,2071,1900
11,Cádiz,18,Gastor (El),1953,1023,930
11,Cádiz,19,Grazalema,2240,1179,1061
11,Cádiz,20,Jerez de la Frontera,183677,89617,94060
11,Cádiz,21,Jimena de la Frontera,9109,4645,4464
11,Cádiz,22,Línea de la Concepción (La),59993,29349,30644
11,Cádiz,23,Medina-Sidonia,10793,5581,5212
11,Cádiz,24,Olvera,8685,4352,4333
11,Cádiz,25,Paterna de Rivera,5179,2687,2492
11,Cádiz,26,Prado del Rey,5856,2928,2928
11,Cádiz,27,Puerto de Santa María (El),75478,37592,37886
11,Cádiz,28,Puerto Real,35182,17696,17486
11,Cádiz,29,Puerto Serrano,6758,3446,3312
11,Cádiz,30,Rota,25560,12917,12643
11,Cádiz,31,San Fernando,88179,43567,44612
11,Cádiz,32,Sanlúcar de Barrameda,61966,31010,30956
11,Cádiz,33,San Roque,22990,11574,11416
11,Cádiz,34,Setenil de las Bodegas,3067,1573,1494
11,Cádiz,35,Tarifa,15481,7852,7629
11,Cádiz,36,Torre Alháquime,931,468,463
11,Cádiz,37,Trebujena,6937,3591,3346
11,Cádiz,38,Ubrique,17586,8717,8869
11,Cádiz,39,Vejer de la Frontera,12674,6392,6282
11,Cádiz,40,Villaluenga del Rosario,440,236,204
11,Cádiz,41,Villamartín,11969,5892,6077
11,Cádiz,42,Zahara,1560,819,741
11,Cádiz,901,Benalup-Casas Viejas,6305,3207,3098
11,Cádiz,902,San José del Valle,4254,2134,2120
12,Castellón/Castelló,1,Atzeneta del Maestrat,1438,728,710
12,Castellón/Castelló,2,Aín,167,82,85
12,Castellón/Castelló,3,Albocàsser,1344,645,699
12,Castellón/Castelló,4,Alcalà de Xivert,5456,2757,2699
12,Castellón/Castelló,5,Alcora (l'),9106,4636,4470
12,Castellón/Castelló,6,Alcudia de Veo,220,110,110
12,Castellón/Castelló,7,Alfondeguilla,908,448,460
12,Castellón/Castelló,8,Algimia de Almonacid,278,161,117
12,Castellón/Castelló,9,Almazora/Almassora,16897,8400,8497
12,Castellón/Castelló,10,Almedíjar,275,133,142
12,Castellón/Castelló,11,Almenara,4912,2419,2493
12,Castellón/Castelló,12,Altura,3137,1573,1564
12,Castellón/Castelló,13,Arañuel,181,91,90
12,Castellón/Castelló,14,Ares del Maestre,254,126,128
12,Castellón/Castelló,15,Argelita,136,70,66
12,Castellón/Castelló,16,Artana,1840,909,931
12,Castellón/Castelló,17,Ayódar,236,133,103
12,Castellón/Castelló,18,Azuébar,347,171,176
12,Castellón/Castelló,20,Barracas,159,85,74
12,Castellón/Castelló,21,Betxí,5356,2718,2638
12,Castellón/Castelló,22,Bejís,383,218,165
12,Castellón/Castelló,24,Benafer,151,83,68
12,Castellón/Castelló,25,Benafigos,206,109,97
12,Castellón/Castelló,26,Benasal,1388,672,716
12,Castellón/Castelló,27,Benicarló,19908,9889,10019
12,Castellón/Castelló,28,Benicasim/Benicàssim,11874,6017,5857
12,Castellón/Castelló,29,Benlloch,842,427,415
12,Castellón/Castelló,31,Borriol,3576,1808,1768
12,Castellón/Castelló,32,Burriana,26499,12952,13547
12,Castellón/Castelló,33,Cabanes,2359,1183,1176
12,Castellón/Castelló,34,Càlig,1744,858,886
12,Castellón/Castelló,36,Canet lo Roig,879,420,459
12,Castellón/Castelló,37,Castell de Cabres,22,10,12
12,Castellón/Castelló,38,Castellfort,236,123,113
12,Castellón/Castelló,39,Castellnovo,1020,476,544
12,Castellón/Castelló,40,Castellón de la Plana/Castelló de la Plana,142285,69360,72925
12,Castellón/Castelló,41,Castillo de Villamalefa,115,58,57
12,Castellón/Castelló,42,Catí,869,448,421
12,Castellón/Castelló,43,Caudiel,695,339,356
12,Castellón/Castelló,44,Cervera del Maestre,711,333,378
12,Castellón/Castelló,45,Cinctorres,520,246,274
12,Castellón/Castelló,46,Cirat,282,151,131
12,Castellón/Castelló,48,Cortes de Arenoso,406,215,191
12,Castellón/Castelló,49,Costur,463,230,233
12,Castellón/Castelló,50,Coves de Vinromà (les),1810,915,895
12,Castellón/Castelló,51,Culla,771,395,376
12,Castellón/Castelló,52,Chert/Xert,894,433,461
12,Castellón/Castelló,53,Chilches,2299,1179,1120
12,Castellón/Castelló,55,Chodos/Xodos,160,87,73
12,Castellón/Castelló,56,Chóvar,378,193,185
12,Castellón/Castelló,57,Eslida,769,361,408
12,Castellón/Castelló,58,Espadilla,73,35,38
12,Castellón/Castelló,59,Fanzara,250,116,134
12,Castellón/Castelló,60,Figueroles,581,287,294
12,Castellón/Castelló,61,Forcall,571,270,301
12,Castellón/Castelló,63,Fuente la Reina,29,15,14
12,Castellón/Castelló,64,Fuentes de Ayódar,110,60,50
12,Castellón/Castelló,65,Gaibiel,203,111,92
12,Castellón/Castelló,67,Geldo,689,344,345
12,Castellón/Castelló,68,Herbés,103,54,49
12,Castellón/Castelló,69,Higueras,39,22,17
12,Castellón/Castelló,70,Jana (la),812,411,401
12,Castellón/Castelló,71,Jérica,1554,779,775
12,Castellón/Castelló,72,Lucena del Cid,1538,774,764
12,Castellón/Castelló,73,Ludiente,225,117,108
12,Castellón/Castelló,74,Llosa (la),918,461,457
12,Castellón/Castelló,75,Mata de Morella (la),180,90,90
12,Castellón/Castelló,76,Matet,140,71,69
12,Castellón/Castelló,77,Moncofa,3905,1997,1908
12,Castellón/Castelló,78,Montán,347,179,168
12,Castellón/Castelló,79,Montanejos,415,209,206
12,Castellón/Castelló,80,Morella,2711,1309,1402
12,Castellón/Castelló,81,Navajas,541,275,266
12,Castellón/Castelló,82,Nules,11453,5698,5755
12,Castellón/Castelló,83,Olocau del Rey,144,78,66
12,Castellón/Castelló,84,Onda,19303,9774,9529
12,Castellón/Castelló,85,Oropesa del Mar/Orpesa,3734,1912,1822
12,Castellón/Castelló,87,Palanques,21,13,8
12,Castellón/Castelló,88,Pavías,61,37,24
12,Castellón/Castelló,89,Peñíscola,4548,2293,2255
12,Castellón/Castelló,90,Pina de Montalgrao,167,89,78
12,Castellón/Castelló,91,Portell de Morella,262,127,135
12,Castellón/Castelló,92,Puebla de Arenoso,164,82,82
12,Castellón/Castelló,93,Pobla de Benifassà (la),269,132,137
12,Castellón/Castelló,94,Pobla Tornesa (la),558,273,285
12,Castellón/Castelló,95,Ribesalbes,1284,647,637
12,Castellón/Castelló,96,Rossell,1119,572,547
12,Castellón/Castelló,97,Sacañet,84,52,32
12,Castellón/Castelló,98,Salzadella (la),814,405,409
12,Castellón/Castelló,99,San Jorge,581,288,293
12,Castellón/Castelló,100,Sant Mateu,1806,891,915
12,Castellón/Castelló,101,San Rafael del Río,455,242,213
12,Castellón/Castelló,102,Santa Magdalena de Pulpis,723,374,349
12,Castellón/Castelló,103,Sarratella,87,47,40
12,Castellón/Castelló,104,Segorbe,7839,3819,4020
12,Castellón/Castelló,105,Sierra Engarcerán,1098,577,521
12,Castellón/Castelló,106,Soneja,1379,696,683
12,Castellón/Castelló,107,Sot de Ferrer,422,215,207
12,Castellón/Castelló,108,Sueras/Suera,547,270,277
12,Castellón/Castelló,109,Tales,763,369,394
12,Castellón/Castelló,110,Teresa,345,175,170
12,Castellón/Castelló,111,Tírig,551,276,275
12,Castellón/Castelló,112,Todolella,144,82,62
12,Castellón/Castelló,113,Toga,103,54,49
12,Castellón/Castelló,114,Torás,258,132,126
12,Castellón/Castelló,115,Toro (El),336,177,159
12,Castellón/Castelló,116,Torralba del Pinar,75,35,40
12,Castellón/Castelló,117,Torreblanca,4614,2294,2320
12,Castellón/Castelló,118,Torrechiva,76,49,27
12,Castellón/Castelló,119,Torre d'En Besora (la),210,107,103
12,Castellón/Castelló,120,Torre Endoménech,235,118,117
12,Castellón/Castelló,121,Traiguera,1588,823,765
12,Castellón/Castelló,122,Useras/Useres (les),986,503,483
12,Castellón/Castelló,123,Vallat,57,27,30
12,Castellón/Castelló,124,Vall d'Alba,1948,976,972
12,Castellón/Castelló,125,Vall de Almonacid,293,154,139
12,Castellón/Castelló,126,Vall d'Uixó (la),29152,14503,14649
12,Castellón/Castelló,127,Vallibona,93,53,40
12,Castellón/Castelló,128,Vilafamés,1471,780,691
12,Castellón/Castelló,129,Villafranca del Cid,2635,1284,1351
12,Castellón/Castelló,130,Villahermosa del Río,452,247,205
12,Castellón/Castelló,131,Villamalur,141,79,62
12,Castellón/Castelló,132,Vilanova d'Alcolea,639,328,311
12,Castellón/Castelló,133,Villanueva de Viver,79,40,39
12,Castellón/Castelló,134,Vilar de Canes,183,94,89
12,Castellón/Castelló,135,Villarreal/Vila-real,41531,20683,20848
12,Castellón/Castelló,136,Villavieja,3366,1684,1682
12,Castellón/Castelló,137,Villores,63,32,31
12,Castellón/Castelló,138,Vinaròs,22552,11025,11527
12,Castellón/Castelló,139,Vistabella del Maestrazgo,453,228,225
12,Castellón/Castelló,140,Viver,1297,656,641
12,Castellón/Castelló,141,Zorita del Maestrazgo,138,68,70
12,Castellón/Castelló,142,Zucaina,215,121,94
12,Castellón/Castelló,901,Alquerías del Niño Perdido,3543,1722,1821
12,Castellón/Castelló,902,Sant Joan de Moró,1783,920,863
13,Ciudad Real,1,Abenójar,1762,878,884
13,Ciudad Real,2,Agudo,2097,1065,1032
13,Ciudad Real,3,Alamillo,723,367,356
13,Ciudad Real,4,Albaladejo,1641,829,812
13,Ciudad Real,5,Alcázar de San Juan,26150,12738,13412
13,Ciudad Real,6,Alcoba,769,400,369
13,Ciudad Real,7,Alcolea de Calatrava,1656,834,822
13,Ciudad Real,8,Alcubillas,680,327,353
13,Ciudad Real,9,Aldea del Rey,2186,1067,1119
13,Ciudad Real,10,Alhambra,1259,637,622
13,Ciudad Real,11,Almadén,7152,3416,3736
13,Ciudad Real,12,Almadenejos,579,301,278
13,Ciudad Real,13,Almagro,8262,4017,4245
13,Ciudad Real,14,Almedina,760,387,373
13,Ciudad Real,15,Almodóvar del Campo,7452,3665,3787
13,Ciudad Real,16,Almuradiel,978,454,524
13,Ciudad Real,17,Anchuras,450,257,193
13,Ciudad Real,18,Arenas de San Juan,1083,547,536
13,Ciudad Real,19,Argamasilla de Alba,6710,3321,3389
13,Ciudad Real,20,Argamasilla de Calatrava,5369,2713,2656
13,Ciudad Real,21,Arroba de los Montes,627,321,306
13,Ciudad Real,22,Ballesteros de Calatrava,575,281,294
13,Ciudad Real,23,Bolaños de Calatrava,10679,5329,5350
13,Ciudad Real,24,Brazatortas,1241,620,621
13,Ciudad Real,25,Cabezarados,387,199,188
13,Ciudad Real,26,Cabezarrubias del Puerto,636,328,308
13,Ciudad Real,27,Calzada de Calatrava,4687,2299,2388
13,Ciudad Real,28,Campo de Criptana,13042,6401,6641
13,Ciudad Real,29,Cañada de Calatrava,82,46,36
13,Ciudad Real,30,Caracuel de Calatrava,176,96,80
13,Ciudad Real,31,Carrión de Calatrava,2633,1288,1345
13,Ciudad Real,32,Carrizosa,1692,845,847
13,Ciudad Real,33,Castellar de Santiago,2220,1078,1142
13,Ciudad Real,34,Ciudad Real,60243,28480,31763
13,Ciudad Real,35,Corral de Calatrava,1306,668,638
13,Ciudad Real,36,Cortijos (Los),1090,538,552
13,Ciudad Real,37,Cózar,1296,623,673
13,Ciudad Real,38,Chillón,2347,1134,1213
13,Ciudad Real,39,Daimiel,17276,8488,8788
13,Ciudad Real,40,Fernancaballero,1042,499,543
13,Ciudad Real,41,Fontanarejo,363,194,169
13,Ciudad Real,42,Fuencaliente,1304,679,625
13,Ciudad Real,43,Fuenllana,328,155,173
13,Ciudad Real,44,Fuente el Fresno,3508,1737,1771
13,Ciudad Real,45,Granátula de Calatrava,1002,479,523
13,Ciudad Real,46,Guadalmez,1075,545,530
13,Ciudad Real,47,Herencia,7023,3519,3504
13,Ciudad Real,48,Hinojosas de Calatrava,762,374,388
13,Ciudad Real,49,Horcajo de los Montes,1097,549,548
13,Ciudad Real,50,Labores (Las),704,343,361
13,Ciudad Real,51,Luciana,444,224,220
13,Ciudad Real,52,Malagón,7955,3928,4027
13,Ciudad Real,53,Manzanares,17216,8422,8794
13,Ciudad Real,54,Membrilla,6609,3308,3301
13,Ciudad Real,55,Mestanza,917,444,473
13,Ciudad Real,56,Miguelturra,9863,4928,4935
13,Ciudad Real,57,Montiel,1673,845,828
13,Ciudad Real,58,Moral de Calatrava,5218,2553,2665
13,Ciudad Real,59,Navalpino,311,149,162
13,Ciudad Real,60,Navas de Estena,410,221,189
13,Ciudad Real,61,Pedro Muñoz,7186,3586,3600
13,Ciudad Real,62,Picón,661,352,309
13,Ciudad Real,63,Piedrabuena,4888,2485,2403
13,Ciudad Real,64,Poblete,806,407,399
13,Ciudad Real,65,Porzuna,3919,1990,1929
13,Ciudad Real,66,Pozuelo de Calatrava,2545,1257,1288
13,Ciudad Real,67,Pozuelos de Calatrava (Los),572,292,280
13,Ciudad Real,68,Puebla de Don Rodrigo,1318,693,625
13,Ciudad Real,69,Puebla del Príncipe,1080,535,545
13,Ciudad Real,70,Puerto Lápice,1037,524,513
13,Ciudad Real,71,Puertollano,50212,24364,25848
13,Ciudad Real,72,Retuerta del Bullaque,1019,535,484
13,Ciudad Real,73,Saceruela,774,411,363
13,Ciudad Real,74,San Carlos del Valle,1241,618,623
13,Ciudad Real,75,San Lorenzo de Calatrava,321,168,153
13,Ciudad Real,76,Santa Cruz de los Cáñamos,654,328,326
13,Ciudad Real,77,Santa Cruz de Mudela,4830,2374,2456
13,Ciudad Real,78,Socuéllamos,11228,5522,5706
13,Ciudad Real,79,Solana (La),15066,7538,7528
13,Ciudad Real,80,Solana del Pino,554,276,278
13,Ciudad Real,81,Terrinches,970,480,490
13,Ciudad Real,82,Tomelloso,29284,14314,14970
13,Ciudad Real,83,Torralba de Calatrava,2899,1432,1467
13,Ciudad Real,84,Torre de Juan Abad,1406,680,726
13,Ciudad Real,85,Torrenueva,3271,1653,1618
13,Ciudad Real,86,Valdemanco del Esteras,310,155,155
13,Ciudad Real,87,Valdepeñas,26395,12685,13710
13,Ciudad Real,88,Valenzuela de Calatrava,798,385,413
13,Ciudad Real,89,Villahermosa,2628,1230,1398
13,Ciudad Real,90,Villamanrique,1672,817,855
13,Ciudad Real,91,Villamayor de Calatrava,639,320,319
13,Ciudad Real,92,Villanueva de la Fuente,2648,1304,1344
13,Ciudad Real,93,Villanueva de los Infantes,5805,2798,3007
13,Ciudad Real,94,Villanueva de San Carlos,460,227,233
13,Ciudad Real,95,Villar del Pozo,106,57,49
13,Ciudad Real,96,Villarrubia de los Ojos,9583,4761,4822
13,Ciudad Real,97,Villarta de San Juan,2970,1496,1474
13,Ciudad Real,98,Viso del Marqués,3041,1516,1525
13,Ciudad Real,901,Robledo (El),1119,586,533
13,Ciudad Real,902,Ruidera,594,312,282
13,Ciudad Real,903,Arenales de San Gregorio,629,325,304
13,Ciudad Real,904,Llanos del Caudillo,718,373,345
14,Córdoba,1,Adamuz,4465,2271,2194
14,Córdoba,2,Aguilar de la Frontera,13393,6616,6777
14,Córdoba,3,Alcaracejos,1469,726,743
14,Córdoba,4,Almedinilla,2527,1240,1287
14,Córdoba,5,Almodóvar del Río,7013,3467,3546
14,Córdoba,6,Añora,1618,797,821
14,Córdoba,7,Baena,19725,9758,9967
14,Córdoba,8,Belalcázar,3768,1835,1933
14,Córdoba,9,Belmez,3924,1873,2051
14,Córdoba,10,Benamejí,4788,2422,2366
14,Córdoba,11,Blázquez (Los),714,364,350
14,Córdoba,12,Bujalance,8051,3943,4108
14,Córdoba,13,Cabra,20711,10083,10628
14,Córdoba,14,Cañete de las Torres,3328,1663,1665
14,Córdoba,15,Carcabuey,2868,1442,1426
14,Córdoba,16,Cardeña,1907,971,936
14,Córdoba,17,Carlota (La),10471,5245,5226
14,Córdoba,18,Carpio (El),4465,2178,2287
14,Córdoba,19,Castro del Río,8040,3939,4101
14,Córdoba,20,Conquista,501,253,248
14,Córdoba,21,Córdoba,313463,151060,162403
14,Córdoba,22,Doña Mencía,4946,2470,2476
14,Córdoba,23,Dos Torres,2586,1270,1316
14,Córdoba,24,Encinas Reales,2401,1175,1226
14,Córdoba,25,Espejo,3963,1977,1986
14,Córdoba,26,Espiel,2441,1212,1229
14,Córdoba,27,Fernán-Núñez,9497,4742,4755
14,Córdoba,28,Fuente la Lancha,411,201,210
14,Córdoba,29,Fuente Obejuna,5890,2994,2896
14,Córdoba,30,Fuente Palmera,9897,4998,4899
14,Córdoba,31,Fuente-Tójar,817,389,428
14,Córdoba,32,Granjuela (La),496,265,231
14,Córdoba,33,Guadalcázar,1168,589,579
14,Córdoba,34,Guijo (El),394,195,199
14,Córdoba,35,Hinojosa del Duque,7928,3815,4113
14,Córdoba,36,Hornachuelos,4860,2433,2427
14,Córdoba,37,Iznájar,5077,2555,2522
14,Córdoba,38,Lucena,36445,18081,18364
14,Córdoba,39,Luque,3363,1673,1690
14,Córdoba,40,Montalbán de Córdoba,4558,2288,2270
14,Córdoba,41,Montemayor,3813,1912,1901
14,Córdoba,42,Montilla,22973,11331,11642
14,Córdoba,43,Montoro,9457,4630,4827
14,Córdoba,44,Monturque,1962,982,980
14,Córdoba,45,Moriles,3797,1888,1909
14,Córdoba,46,Nueva Carteya,5583,2808,2775
14,Córdoba,47,Obejo,1509,759,750
14,Córdoba,48,Palenciana,1571,784,787
14,Córdoba,49,Palma del Río,19266,9580,9686
14,Córdoba,50,Pedro Abad,2893,1439,1454
14,Córdoba,51,Pedroche,1843,903,940
14,Córdoba,52,Peñarroya-Pueblonuevo,13024,6210,6814
14,Córdoba,53,Posadas,7101,3522,3579
14,Córdoba,54,Pozoblanco,16282,7855,8427
14,Córdoba,55,Priego de Córdoba,22053,10759,11294
14,Córdoba,56,Puente Genil,27909,13739,14170
14,Córdoba,57,Rambla (La),7299,3639,3660
14,Córdoba,58,Rute,9923,4911,5012
14,Córdoba,59,San Sebastián de los Ballesteros,852,435,417
14,Córdoba,60,Santaella,5878,2957,2921
14,Córdoba,61,Santa Eufemia,1148,580,568
14,Córdoba,62,Torrecampo,1416,687,729
14,Córdoba,63,Valenzuela,1440,706,734
14,Córdoba,64,Valsequillo,450,216,234
14,Córdoba,65,Victoria (La),1786,892,894
14,Córdoba,66,Villa del Río,7171,3621,3550
14,Córdoba,67,Villafranca de Córdoba,3625,1874,1751
14,Córdoba,68,Villaharta,642,322,320
14,Córdoba,69,Villanueva de Córdoba,9807,4768,5039
14,Córdoba,70,Villanueva del Duque,1808,843,965
14,Córdoba,71,Villanueva del Rey,1258,640,618
14,Córdoba,72,Villaralto,1526,732,794
14,Córdoba,73,Villaviciosa de Córdoba,3854,1973,1881
14,Córdoba,74,Viso (El),3071,1492,1579
14,Córdoba,75,Zuheros,900,451,449
15,Coruña (A),1,Abegondo,5594,2806,2788
15,Coruña (A),2,Ames,16549,8048,8501
15,Coruña (A),3,Aranga,2423,1212,1211
15,Coruña (A),4,Ares,4744,2349,2395
15,Coruña (A),5,Arteixo,22153,11120,11033
15,Coruña (A),6,Arzúa,6886,3367,3519
15,Coruña (A),7,Baña (A),5324,2559,2765
15,Coruña (A),8,Bergondo,6119,2984,3135
15,Coruña (A),9,Betanzos,12361,5851,6510
15,Coruña (A),10,Boimorto,2598,1303,1295
15,Coruña (A),11,Boiro,18038,8751,9287
15,Coruña (A),12,Boqueixón,4291,2104,2187
15,Coruña (A),13,Brión,6239,3009,3230
15,Coruña (A),14,Cabana de Bergantiños,5733,2843,2890
15,Coruña (A),15,Cabanas,3262,1577,1685
15,Coruña (A),16,Camariñas,6813,3357,3456
15,Coruña (A),17,Cambre,17805,8738,9067
15,Coruña (A),18,Capela (A),1595,784,811
15,Coruña (A),19,Carballo,28271,13749,14522
15,Coruña (A),20,Carnota,5645,2716,2929
15,Coruña (A),21,Carral,5275,2554,2721
15,Coruña (A),22,Cedeira,7528,3686,3842
15,Coruña (A),23,Cee,7364,3554,3810
15,Coruña (A),24,Cerceda,5573,2725,2848
15,Coruña (A),25,Cerdido,1668,806,862
15,Coruña (A),26,Cesuras,2646,1316,1330
15,Coruña (A),27,Coirós,1552,763,789
15,Coruña (A),28,Corcubión,1945,934,1011
15,Coruña (A),29,Coristanco,8146,4016,4130
15,Coruña (A),30,Coruña (A),241769,112264,129505
15,Coruña (A),31,Culleredo,20890,10247,10643
15,Coruña (A),32,Curtis,4468,2191,2277
15,Coruña (A),33,Dodro,3280,1591,1689
15,Coruña (A),34,Dumbría,4529,2186,2343
15,Coruña (A),35,Fene,14848,7291,7557
15,Coruña (A),36,Ferrol,81255,37887,43368
15,Coruña (A),37,Fisterra,5224,2618,2606
15,Coruña (A),38,Frades,3083,1538,1545
15,Coruña (A),39,Irixoa,1719,848,871
15,Coruña (A),40,Laxe,3551,1764,1787
15,Coruña (A),41,Laracha,10701,5215,5486
15,Coruña (A),42,Lousame,4199,2009,2190
15,Coruña (A),43,Malpica de Bergantiños,7262,3561,3701
15,Coruña (A),44,Mañón,1932,938,994
15,Coruña (A),45,Mazaricos,6185,2978,3207
15,Coruña (A),46,Melide,8441,4169,4272
15,Coruña (A),47,Mesía,3409,1692,1717
15,Coruña (A),48,Miño,4870,2302,2568
15,Coruña (A),49,Moeche,1561,743,818
15,Coruña (A),50,Monfero,2695,1383,1312
15,Coruña (A),51,Mugardos,5984,2894,3090
15,Coruña (A),52,Muxía,6213,3033,3180
15,Coruña (A),53,Muros,10519,5042,5477
15,Coruña (A),54,Narón,30328,14679,15649
15,Coruña (A),55,Neda,6166,2994,3172
15,Coruña (A),56,Negreira,6588,3160,3428
15,Coruña (A),57,Noia,14404,6883,7521
15,Coruña (A),58,Oleiros,26016,12642,13374
15,Coruña (A),59,Ordes,11942,5789,6153
15,Coruña (A),60,Oroso,5236,2595,2641
15,Coruña (A),61,Ortigueira,8533,4057,4476
15,Coruña (A),62,Outes,8634,4127,4507
15,Coruña (A),63,Oza dos Ríos,3208,1553,1655
15,Coruña (A),64,Paderne,2753,1318,1435
15,Coruña (A),65,Padrón,9260,4453,4807
15,Coruña (A),66,Pino (O),4934,2452,2482
15,Coruña (A),67,Pobra do Caramiñal (A),9955,4764,5191
15,Coruña (A),68,Ponteceso,7155,3579,3576
15,Coruña (A),69,Pontedeume,8936,4291,4645
15,Coruña (A),70,Pontes de García Rodríguez (As),12488,6297,6191
15,Coruña (A),71,Porto do Son,10298,5023,5275
15,Coruña (A),72,Rianxo,11882,5797,6085
15,Coruña (A),73,Ribeira,26478,13036,13442
15,Coruña (A),74,Rois,5216,2485,2731
15,Coruña (A),75,Sada,11015,5412,5603
15,Coruña (A),76,San Sadurniño,3431,1670,1761
15,Coruña (A),77,Santa Comba,10930,5390,5540
15,Coruña (A),78,Santiago de Compostela,93903,44038,49865
15,Coruña (A),79,Santiso,2282,1181,1101
15,Coruña (A),80,Sobrado,2518,1289,1229
15,Coruña (A),81,Somozas (As),1473,734,739
15,Coruña (A),82,Teo,14447,7072,7375
15,Coruña (A),83,Toques,1626,841,785
15,Coruña (A),84,Tordoia,5100,2424,2676
15,Coruña (A),85,Touro,4865,2386,2479
15,Coruña (A),86,Trazo,3818,1874,1944
15,Coruña (A),87,Valdoviño,6790,3354,3436
15,Coruña (A),88,Val do Dubra,4892,2390,2502
15,Coruña (A),89,Vedra,5083,2429,2654
15,Coruña (A),90,Vilasantar,1678,858,820
15,Coruña (A),91,Vilarmaior,1417,724,693
15,Coruña (A),92,Vimianzo,8766,4263,4503
15,Coruña (A),93,Zas,6212,3019,3193
15,Coruña (A),901,Cariño,5036,2457,2579
16,Cuenca,1,Abia de la Obispalía,85,46,39
16,Cuenca,2,Acebrón (El),284,142,142
16,Cuenca,3,Alarcón,208,97,111
16,Cuenca,4,Albaladejo del Cuende,411,214,197
16,Cuenca,5,Albalate de las Nogueras,378,201,177
16,Cuenca,6,Albendea,178,90,88
16,Cuenca,7,Alberca de Záncara (La),1741,857,884
16,Cuenca,8,Alcalá de la Vega,176,94,82
16,Cuenca,9,Alcantud,120,65,55
16,Cuenca,10,Alcázar del Rey,252,124,128
16,Cuenca,11,Alcohujate,68,38,30
16,Cuenca,12,Alconchel de la Estrella,223,115,108
16,Cuenca,13,Algarra,34,17,17
16,Cuenca,14,Aliaguilla,852,449,403
16,Cuenca,15,Almarcha (La),618,315,303
16,Cuenca,16,Almendros,340,172,168
16,Cuenca,17,Almodóvar del Pinar,520,264,256
16,Cuenca,18,Almonacid del Marquesado,556,287,269
16,Cuenca,19,Altarejos,318,163,155
16,Cuenca,20,Arandilla del Arroyo,45,22,23
16,Cuenca,22,Arcos de la Sierra,126,67,59
16,Cuenca,23,Chillarón de Cuenca,356,192,164
16,Cuenca,24,Arguisuelas,196,102,94
16,Cuenca,25,Arrancacepas,38,20,18
16,Cuenca,26,Atalaya del Cañavate,138,70,68
16,Cuenca,27,Barajas de Melo,732,358,374
16,Cuenca,29,Barchín del Hoyo,131,74,57
16,Cuenca,30,Bascuñana de San Pedro,47,27,20
16,Cuenca,31,Beamud,108,60,48
16,Cuenca,32,Belinchón,362,177,185
16,Cuenca,33,Belmonte,2445,1151,1294
16,Cuenca,34,Belmontejo,268,133,135
16,Cuenca,35,Beteta,427,215,212
16,Cuenca,36,Boniches,200,106,94
16,Cuenca,38,Buciegas,86,41,45
16,Cuenca,39,Buenache de Alarcón,631,326,305
16,Cuenca,40,Buenache de la Sierra,119,71,48
16,Cuenca,41,Buendía,491,238,253
16,Cuenca,42,Campillo de Altobuey,1663,813,850
16,Cuenca,43,Campillos-Paravientos,146,81,65
16,Cuenca,44,Campillos-Sierra,104,57,47
16,Cuenca,45,Canalejas del Arroyo,346,175,171
16,Cuenca,46,Cañada del Hoyo,361,185,176
16,Cuenca,47,Cañada Juncosa,350,187,163
16,Cuenca,48,Cañamares,583,310,273
16,Cuenca,49,Cañavate (El),251,121,130
16,Cuenca,50,Cañaveras,381,189,192
16,Cuenca,51,Cañaveruelas,240,120,120
16,Cuenca,52,Cañete,892,436,456
16,Cuenca,53,Cañizares,626,331,295
16,Cuenca,55,Carboneras de Guadazaón,1026,540,486
16,Cuenca,56,Cardenete,722,369,353
16,Cuenca,57,Carrascosa,101,63,38
16,Cuenca,58,Carrascosa de Haro,153,77,76
16,Cuenca,60,Casas de Benítez,1116,532,584
16,Cuenca,61,Casas de Fernando Alonso,1431,703,728
16,Cuenca,62,Casas de Garcimolina,36,18,18
16,Cuenca,63,Casas de Guijarro,145,71,74
16,Cuenca,64,Casas de Haro,894,457,437
16,Cuenca,65,Casas de los Pinos,512,254,258
16,Cuenca,66,Casasimarro,3047,1554,1493
16,Cuenca,67,Castejón,226,112,114
16,Cuenca,68,Castillejo de Iniesta,190,103,87
16,Cuenca,70,Castillejo-Sierra,48,24,24
16,Cuenca,71,Castillo-Albaráñez,31,16,15
16,Cuenca,72,Castillo de Garcimuñoz,212,111,101
16,Cuenca,73,Cervera del Llano,341,170,171
16,Cuenca,74,Cierva (La),60,30,30
16,Cuenca,78,Cuenca,45707,21934,23773
16,Cuenca,79,Cueva del Hierro,52,31,21
16,Cuenca,81,Chumillas,40,26,14
16,Cuenca,82,Enguídanos,573,288,285
16,Cuenca,83,Fresneda de Altarejos,94,53,41
16,Cuenca,84,Fresneda de la Sierra,75,36,39
16,Cuenca,85,Frontera (La),214,108,106
16,Cuenca,86,Fuente de Pedro Naharro,1218,612,606
16,Cuenca,87,Fuentelespino de Haro,316,168,148
16,Cuenca,88,Fuentelespino de Moya,140,71,69
16,Cuenca,89,Fuentes,506,263,243
16,Cuenca,91,Fuertescusa,112,61,51
16,Cuenca,92,Gabaldón,196,116,80
16,Cuenca,93,Garaballa,146,77,69
16,Cuenca,94,Gascueña,157,73,84
16,Cuenca,95,Graja de Campalbo,134,73,61
16,Cuenca,96,Graja de Iniesta,329,176,153
16,Cuenca,97,Henarejos,265,125,140
16,Cuenca,98,Herrumblar (El),787,410,377
16,Cuenca,99,Hinojosa (La),340,166,174
16,Cuenca,100,Hinojosos (Los),1079,530,549
16,Cuenca,101,Hito (El),236,118,118
16,Cuenca,102,Honrubia,1632,809,823
16,Cuenca,103,Hontanaya,453,223,230
16,Cuenca,104,Hontecillas,94,43,51
16,Cuenca,106,Horcajo de Santiago,3585,1792,1793
16,Cuenca,107,Huélamo,142,76,66
16,Cuenca,108,Huelves,70,28,42
16,Cuenca,109,Huérguina,130,67,63
16,Cuenca,110,Huerta de la Obispalía,155,88,67
16,Cuenca,111,Huerta del Marquesado,230,134,96
16,Cuenca,112,Huete,2229,1131,1098
16,Cuenca,113,Iniesta,3945,1976,1969
16,Cuenca,115,Laguna del Marquesado,76,41,35
16,Cuenca,116,Lagunaseca,123,55,68
16,Cuenca,117,Landete,1541,767,774
16,Cuenca,118,Ledaña,1902,939,963
16,Cuenca,119,Leganiel,230,115,115
16,Cuenca,121,Majadas (Las),373,182,191
16,Cuenca,122,Mariana,317,151,166
16,Cuenca,123,Masegosa,127,69,58
16,Cuenca,124,Mesas (Las),2469,1263,1206
16,Cuenca,125,Minglanilla,2265,1151,1114
16,Cuenca,126,Mira,1185,605,580
16,Cuenca,128,Monreal del Llano,83,42,41
16,Cuenca,129,Montalbanejo,197,91,106
16,Cuenca,130,Montalbo,754,388,366
16,Cuenca,131,Monteagudo de las Salinas,134,80,54
16,Cuenca,132,Mota de Altarejos,61,38,23
16,Cuenca,133,Mota del Cuervo,5540,2746,2794
16,Cuenca,134,Motilla del Palancar,5169,2616,2553
16,Cuenca,135,Moya,317,172,145
16,Cuenca,137,Narboneta,120,56,64
16,Cuenca,139,Olivares de Júcar,561,292,269
16,Cuenca,140,Olmeda de la Cuesta,49,26,23
16,Cuenca,141,Olmeda del Rey,248,119,129
16,Cuenca,142,Olmedilla de Alarcón,179,93,86
16,Cuenca,143,Olmedilla de Eliz,31,17,14
16,Cuenca,145,Osa de la Vega,643,317,326
16,Cuenca,146,Pajarón,140,73,67
16,Cuenca,147,Pajaroncillo,97,49,48
16,Cuenca,148,Palomares del Campo,1007,493,514
16,Cuenca,149,Palomera,165,77,88
16,Cuenca,150,Paracuellos,155,70,85
16,Cuenca,151,Paredes,78,39,39
16,Cuenca,152,Parra de las Vegas (La),62,34,28
16,Cuenca,153,Pedernoso (El),1321,660,661
16,Cuenca,154,Pedroñeras (Las),6460,3303,3157
16,Cuenca,155,Peral (El),730,369,361
16,Cuenca,156,Peraleja (La),171,83,88
16,Cuenca,157,Pesquera (La),282,146,136
16,Cuenca,158,Picazo (El),709,346,363
16,Cuenca,159,Pinarejo,409,206,203
16,Cuenca,160,Pineda de Gigüela,150,81,69
16,Cuenca,161,Piqueras del Castillo,81,46,35
16,Cuenca,162,Portalrubio de Guadamejud,90,43,47
16,Cuenca,163,Portilla,93,46,47
16,Cuenca,165,Poyatos,115,65,50
16,Cuenca,166,Pozoamargo,328,155,173
16,Cuenca,167,Pozorrubio,501,238,263
16,Cuenca,169,Pozuelo (El),88,46,42
16,Cuenca,170,Priego,1035,524,511
16,Cuenca,171,Provencio (El),2555,1276,1279
16,Cuenca,172,Puebla de Almenara,550,284,266
16,Cuenca,173,Puebla de Don Francisco,369,182,187
16,Cuenca,174,Puebla del Salvador,286,153,133
16,Cuenca,175,Quintanar del Rey,6175,3150,3025
16,Cuenca,176,Rada de Haro,62,30,32
16,Cuenca,177,Reíllo,144,72,72
16,Cuenca,181,Rozalén del Monte,120,52,68
16,Cuenca,185,Saceda-Trasierra,98,53,45
16,Cuenca,186,Saelices,672,341,331
16,Cuenca,187,Salinas del Manzano,118,67,51
16,Cuenca,188,Salmeroncillos,184,90,94
16,Cuenca,189,Salvacañete,336,184,152
16,Cuenca,190,San Clemente,6368,3165,3203
16,Cuenca,191,San Lorenzo de la Parrilla,1438,720,718
16,Cuenca,192,San Martín de Boniches,99,49,50
16,Cuenca,193,San Pedro Palmiches,96,49,47
16,Cuenca,194,Santa Cruz de Moya,416,211,205
16,Cuenca,195,Santa María del Campo Rus,764,383,381
16,Cuenca,196,Santa María de los Llanos,845,434,411
16,Cuenca,197,Santa María del Val,122,68,54
16,Cuenca,198,Sisante,1799,899,900
16,Cuenca,199,Solera de Gabaldón,53,26,27
16,Cuenca,202,Talayuelas,1181,613,568
16,Cuenca,203,Tarancón,11490,5672,5818
16,Cuenca,204,Tébar,403,214,189
16,Cuenca,205,Tejadillos,165,84,81
16,Cuenca,206,Tinajas,365,195,170
16,Cuenca,209,Torralba,187,96,91
16,Cuenca,211,Torrejoncillo del Rey,695,327,368
16,Cuenca,212,Torrubia del Campo,357,171,186
16,Cuenca,213,Torrubia del Castillo,41,21,20
16,Cuenca,215,Tragacete,364,199,165
16,Cuenca,216,Tresjuncos,498,254,244
16,Cuenca,217,Tribaldos,144,63,81
16,Cuenca,218,Uclés,313,148,165
16,Cuenca,219,Uña,141,73,68
16,Cuenca,224,Valdemeca,109,57,52
16,Cuenca,225,Valdemorillo de la Sierra,99,54,45
16,Cuenca,227,Valdemoro-Sierra,202,110,92
16,Cuenca,228,Valdeolivas,289,153,136
16,Cuenca,231,Valhermoso de la Fuente,58,28,30
16,Cuenca,234,Valsalobre,64,32,32
16,Cuenca,236,Valverde de Júcar,1407,702,705
16,Cuenca,237,Valverdejo,153,78,75
16,Cuenca,238,Vara de Rey,686,343,343
16,Cuenca,239,Vega del Codorno,229,119,110
16,Cuenca,240,Vellisca,178,88,90
16,Cuenca,242,Villaconejos de Trabaque,513,263,250
16,Cuenca,243,Villaescusa de Haro,595,295,300
16,Cuenca,244,Villagarcía del Llano,967,479,488
16,Cuenca,245,Villalba de la Sierra,547,286,261
16,Cuenca,246,Villalba del Rey,698,353,345
16,Cuenca,247,Villalgordo del Marquesado,126,62,64
16,Cuenca,248,Villalpardo,1120,578,542
16,Cuenca,249,Villamayor de Santiago,2716,1344,1372
16,Cuenca,250,Villanueva de Guadamejud,125,60,65
16,Cuenca,251,Villanueva de la Jara,2483,1256,1227
16,Cuenca,253,Villar de Cañas,446,215,231
16,Cuenca,254,Villar de Domingo García,288,145,143
16,Cuenca,255,Villar de la Encina,237,117,120
16,Cuenca,258,Villar del Humo,466,247,219
16,Cuenca,259,Villar del Infantado,44,25,19
16,Cuenca,263,Villar de Olalla,920,471,449
16,Cuenca,264,Villarejo de Fuentes,809,384,425
16,Cuenca,265,Villarejo de la Peñuela,32,15,17
16,Cuenca,266,Villarejo-Periesteban,545,275,270
16,Cuenca,269,Villares del Saz,698,354,344
16,Cuenca,270,Villarrubio,256,134,122
16,Cuenca,271,Villarta,818,428,390
16,Cuenca,272,Villas de la Ventosa,374,201,173
16,Cuenca,273,Villaverde y Pasaconsol,434,209,225
16,Cuenca,274,Víllora,238,119,119
16,Cuenca,275,Vindel,20,13,7
16,Cuenca,276,Yémeda,32,14,18
16,Cuenca,277,Zafra de Záncara,201,103,98
16,Cuenca,278,Zafrilla,132,60,72
16,Cuenca,279,Zarza de Tajo,270,126,144
16,Cuenca,280,Zarzuela,295,148,147
16,Cuenca,901,Campos del Paraíso,1107,518,589
16,Cuenca,902,Valdetórtola,141,79,62
16,Cuenca,903,Valeras (Las),1352,668,684
16,Cuenca,904,Fuentenava de Jábaga,390,197,193
16,Cuenca,905,Arcas del Villar,681,347,334
16,Cuenca,906,Valdecolmenas (Los),121,66,55
16,Cuenca,908,Pozorrubielos de la Mancha,301,152,149
16,Cuenca,909,Sotorribas,1021,506,515
16,Cuenca,910,Villar y Velasco,123,68,55
17,Girona,1,Agullana,655,332,323
17,Girona,2,Aiguaviva,515,261,254
17,Girona,3,Albanyà,128,68,60
17,Girona,4,Albons,572,300,272
17,Girona,5,Far d'Empordà (El),387,202,185
17,Girona,6,Alp,1194,620,574
17,Girona,7,Amer,2220,1092,1128
17,Girona,8,Anglès,5009,2527,2482
17,Girona,9,Arbúcies,5026,2543,2483
17,Girona,10,Argelaguer,379,206,173
17,Girona,11,Armentera (L'),756,375,381
17,Girona,12,Avinyonet de Puigventós,618,315,303
17,Girona,13,Begur,3411,1729,1682
17,Girona,14,Vajol (La),96,50,46
17,Girona,15,Banyoles,15084,7410,7674
17,Girona,16,Bàscara,822,422,400
17,Girona,18,Bellcaire d'Empordà,535,274,261
17,Girona,19,Besalú,1996,971,1025
17,Girona,20,Bescanó,3187,1603,1584
17,Girona,21,Beuda,133,73,60
17,Girona,22,Bisbal d'Empordà (La),8264,4070,4194
17,Girona,23,Blanes,30441,15272,15169
17,Girona,24,Bolvir,284,144,140
17,Girona,25,Bordils,1383,697,686
17,Girona,26,Borrassà,533,268,265
17,Girona,27,Breda,3345,1717,1628
17,Girona,28,Brunyola,383,195,188
17,Girona,29,Boadella d'Empordà,219,110,109
17,Girona,30,Cabanes,798,409,389
17,Girona,31,Cabanelles,226,129,97
17,Girona,32,Cadaqués,2301,1117,1184
17,Girona,33,Caldes de Malavella,4031,2038,1993
17,Girona,34,Calonge,6783,3398,3385
17,Girona,35,Camós,637,327,310
17,Girona,36,Campdevànol,3370,1652,1718
17,Girona,37,Campelles,125,67,58
17,Girona,38,Campllong,307,158,149
17,Girona,39,Camprodon,2319,1138,1181
17,Girona,40,Canet d'Adri,519,270,249
17,Girona,41,Cantallops,267,136,131
17,Girona,42,Capmany,409,203,206
17,Girona,43,Queralbs,201,115,86
17,Girona,44,Cassà de la Selva,7692,3834,3858
17,Girona,46,Castellfollit de la Roca,963,478,485
17,Girona,47,Castelló d'Empúries,6266,3202,3064
17,Girona,48,Castell-Platja d'Aro,6688,3382,3306
17,Girona,49,Celrà,2635,1293,1342
17,Girona,50,Cervià de Ter,607,306,301
17,Girona,51,Cistella,231,115,116
17,Girona,52,Siurana,159,80,79
17,Girona,54,Colera,592,310,282
17,Girona,55,Colomers,196,100,96
17,Girona,56,Cornellà del Terri,1921,963,958
17,Girona,57,Corçà,1153,574,579
17,Girona,58,Crespià,205,102,103
17,Girona,60,Darnius,517,275,242
17,Girona,61,Das,158,85,73
17,Girona,62,Escala (L'),6285,3155,3130
17,Girona,63,Espinelves,179,90,89
17,Girona,64,Espolla,373,187,186
17,Girona,65,Esponellà,402,200,202
17,Girona,66,Figueres,34023,16529,17494
17,Girona,67,Flaçà,845,417,428
17,Girona,68,Foixà,322,155,167
17,Girona,69,Fontanals de Cerdanya,399,197,202
17,Girona,70,Fontanilles,153,83,70
17,Girona,71,Fontcoberta,1110,553,557
17,Girona,73,Fornells de la Selva,1489,723,766
17,Girona,74,Fortià,525,259,266
17,Girona,75,Garrigàs,339,182,157
17,Girona,76,Garrigoles,150,81,69
17,Girona,77,Garriguella,726,369,357
17,Girona,78,Ger,375,200,175
17,Girona,79,Girona,73637,35415,38222
17,Girona,80,Gombrèn,235,113,122
17,Girona,81,Gualta,293,150,143
17,Girona,82,Guils de Cerdanya,334,164,170
17,Girona,83,Hostalric,2901,1420,1481
17,Girona,84,Isòvol,204,113,91
17,Girona,85,Jafre,317,163,154
17,Girona,86,Jonquera (La),2565,1288,1277
17,Girona,87,Juià,266,123,143
17,Girona,88,Lladó,502,257,245
17,Girona,89,Llagostera,5769,2927,2842
17,Girona,90,Llambilles,472,242,230
17,Girona,91,Llanars,489,249,240
17,Girona,92,Llançà,4063,2007,2056
17,Girona,93,Llers,954,484,470
17,Girona,94,Llívia,1013,535,478
17,Girona,95,Lloret de Mar,20045,10081,9964
17,Girona,96,Llosses (Les),275,147,128
17,Girona,97,Madremanya,185,83,102
17,Girona,98,Maià de Montcal,321,160,161
17,Girona,99,Meranges,83,49,34
17,Girona,100,Masarac,245,119,126
17,Girona,101,Massanes,542,288,254
17,Girona,102,Maçanet de Cabrenys,664,342,322
17,Girona,103,Maçanet de la Selva,3814,1953,1861
17,Girona,105,Mieres,336,163,173
17,Girona,106,Mollet de Peralada,189,104,85
17,Girona,107,Molló,339,174,165
17,Girona,109,Montagut,792,409,383
17,Girona,110,Mont-ras,1644,871,773
17,Girona,111,Navata,708,349,359
17,Girona,112,Ogassa,242,142,100
17,Girona,114,Olot,27967,13521,14446
17,Girona,115,Ordis,285,151,134
17,Girona,116,Osor,464,250,214
17,Girona,117,Palafrugell,18154,9126,9028
17,Girona,118,Palamós,14959,7386,7573
17,Girona,119,Palau de Santa Eulàlia,90,54,36
17,Girona,120,Palau-saverdera,931,467,464
17,Girona,121,Palau-sator,293,152,141
17,Girona,123,Palol de Revardit,386,201,185
17,Girona,124,Pals,1912,975,937
17,Girona,125,Pardines,143,72,71
17,Girona,126,Parlavà,330,171,159
17,Girona,128,Pau,417,210,207
17,Girona,129,Pedret i Marzà,127,65,62
17,Girona,130,Pera (La),367,187,180
17,Girona,132,Peralada,1277,651,626
17,Girona,133,Planes d'Hostoles (Les),1724,855,869
17,Girona,134,Planoles,273,142,131
17,Girona,135,Pont de Molins,430,230,200
17,Girona,136,Pontós,217,121,96
17,Girona,137,Porqueres,3622,1780,1842
17,Girona,138,Portbou,1511,761,750
17,Girona,139,Preses (Les),1373,668,705
17,Girona,140,Port de la Selva (El),877,440,437
17,Girona,141,Puigcerdà,6902,3529,3373
17,Girona,142,Quart,2402,1231,1171
17,Girona,143,Rabós,145,69,76
17,Girona,144,Regencós,287,166,121
17,Girona,145,Ribes de Freser,2096,1017,1079
17,Girona,146,Riells i Viabrea,2043,1073,970
17,Girona,147,Ripoll,10733,5180,5553
17,Girona,148,Riudarenes,1302,678,624
17,Girona,149,Riudaura,417,210,207
17,Girona,150,Riudellots de la Selva,1548,796,752
17,Girona,151,Riumors,192,95,97
17,Girona,152,Roses,12857,6502,6355
17,Girona,153,Rupià,190,101,89
17,Girona,154,Sales de Llierca,89,49,40
17,Girona,155,Salt,22017,10935,11082
17,Girona,157,Sant Andreu Salou,138,65,73
17,Girona,158,Sant Climent Sescebes,404,204,200
17,Girona,159,Sant Feliu de Buixalleu,727,387,340
17,Girona,160,Sant Feliu de Guíxols,18403,9031,9372
17,Girona,161,Sant Feliu de Pallerols,1155,564,591
17,Girona,162,Sant Ferriol,196,110,86
17,Girona,163,Sant Gregori,2335,1213,1122
17,Girona,164,Sant Hilari Sacalm,4985,2543,2442
17,Girona,165,Sant Jaume de Llierca,714,352,362
17,Girona,166,Sant Jordi Desvalls,587,302,285
17,Girona,167,Sant Joan de les Abadesses,3672,1810,1862
17,Girona,168,Sant Joan de Mollet,354,171,183
17,Girona,169,Sant Julià de Ramis,2018,1016,1002
17,Girona,170,Vallfogona de Ripollès,219,114,105
17,Girona,171,Sant Llorenç de la Muga,182,86,96
17,Girona,172,Sant Martí de Llémena,478,245,233
17,Girona,173,Sant Martí Vell,161,82,79
17,Girona,174,Sant Miquel de Campmajor,206,116,90
17,Girona,175,Sant Miquel de Fluvià,625,318,307
17,Girona,176,Sant Mori,158,75,83
17,Girona,177,Sant Pau de Segúries,655,333,322
17,Girona,178,Sant Pere Pescador,1428,788,640
17,Girona,180,Santa Coloma de Farners,8867,4510,4357
17,Girona,181,Santa Cristina d'Aro,2902,1518,1384
17,Girona,182,Santa Llogaia d'Àlguema,300,157,143
17,Girona,183,Sant Aniol de Finestres,270,148,122
17,Girona,184,Santa Pau,1484,755,729
17,Girona,185,Sant Joan les Fonts,2756,1364,1392
17,Girona,186,Sarrià de Ter,3457,1711,1746
17,Girona,187,Saus,688,340,348
17,Girona,188,Selva de Mar (La),190,96,94
17,Girona,189,Cellera de Ter (La),2019,1002,1017
17,Girona,190,Serinyà,837,436,401
17,Girona,191,Serra de Daró,186,95,91
17,Girona,192,Setcases,163,87,76
17,Girona,193,Sils,3078,1558,1520
17,Girona,194,Susqueda,87,49,38
17,Girona,195,Tallada d'Empordà (La),332,173,159
17,Girona,196,Terrades,200,95,105
17,Girona,197,Torrent,172,84,88
17,Girona,198,Torroella de Fluvià,319,180,139
17,Girona,199,Torroella de Montgrí,8454,4281,4173
17,Girona,200,Tortellà,717,363,354
17,Girona,201,Toses,151,87,64
17,Girona,202,Tossa de Mar,4195,2083,2112
17,Girona,203,Ultramort,203,114,89
17,Girona,204,Ullà,814,425,389
17,Girona,205,Ullastret,234,122,112
17,Girona,206,Urús,188,101,87
17,Girona,207,Vall d'en Bas (La),2552,1311,1241
17,Girona,208,Vall de Bianya (La),1130,569,561
17,Girona,209,Vall-llobrega,377,141,236
17,Girona,210,Ventalló,608,317,291
17,Girona,211,Verges,1134,566,568
17,Girona,212,Vidrà,158,78,80
17,Girona,213,Vidreres,4740,2405,2335
17,Girona,214,Vilabertran,784,397,387
17,Girona,215,Vilablareix,1842,916,926
17,Girona,216,Viladasens,185,96,89
17,Girona,217,Viladamat,417,221,196
17,Girona,218,Vilademuls,720,365,355
17,Girona,220,Viladrau,856,426,430
17,Girona,221,Vilafant,4100,2047,2053
17,Girona,222,Vilaür,125,72,53
17,Girona,223,Vilajuïga,953,474,479
17,Girona,224,Vilallonga de Ter,421,232,189
17,Girona,225,Vilamacolum,261,138,123
17,Girona,226,Vilamalla,761,408,353
17,Girona,227,Vilamaniscle,120,65,55
17,Girona,228,Vilanant,308,155,153
17,Girona,230,Vila-sacra,383,190,193
17,Girona,232,Vilopriu,161,83,78
17,Girona,233,Vilobí d'Onyar,2223,1170,1053
17,Girona,234,Biure,217,107,110
17,Girona,901,"Cruïlles, Monells i Sant Sadurní de l'Heura",1096,543,553
17,Girona,902,Forallac,1650,809,841
17,Girona,903,Sant Julià del Llor i Bonmatí,921,467,454
18,Granada,1,Agrón,392,202,190
18,Granada,2,Alamedilla,898,455,443
18,Granada,3,Albolote,13048,6546,6502
18,Granada,4,Albondón,996,495,501
18,Granada,5,Albuñán,474,237,237
18,Granada,6,Albuñol,5462,2733,2729
18,Granada,7,Albuñuelas,1215,632,583
18,Granada,10,Aldeire,785,398,387
18,Granada,11,Alfacar,4300,2179,2121
18,Granada,12,Algarinejo,5269,2701,2568
18,Granada,13,Alhama de Granada,5927,2986,2941
18,Granada,14,Alhendín,4224,2141,2083
18,Granada,15,Alicún de Ortega,672,356,316
18,Granada,16,Almegíjar,427,219,208
18,Granada,17,Almuñécar,21275,10498,10777
18,Granada,18,Alquife,897,451,446
18,Granada,20,Arenas del Rey,1979,1033,946
18,Granada,21,Armilla,14030,6927,7103
18,Granada,22,Atarfe,10975,5430,5545
18,Granada,23,Baza,20818,10261,10557
18,Granada,24,Beas de Granada,968,505,463
18,Granada,25,Beas de Guadix,375,195,180
18,Granada,27,Benalúa,3241,1627,1614
18,Granada,28,Benalúa de las Villas,1450,721,729
18,Granada,29,Benamaurel,2410,1227,1183
18,Granada,30,Bérchules,789,417,372
18,Granada,32,Bubión,378,186,192
18,Granada,33,Busquístar,363,196,167
18,Granada,34,Cacín,796,399,397
18,Granada,35,Cádiar,1588,820,768
18,Granada,36,Cájar,3239,1545,1694
18,Granada,37,Calicasas,586,294,292
18,Granada,38,Campotéjar,1444,738,706
18,Granada,39,Caniles,4886,2404,2482
18,Granada,40,Cáñar,340,162,178
18,Granada,42,Capileira,524,252,272
18,Granada,43,Carataunas,196,101,95
18,Granada,44,Cástaras,291,153,138
18,Granada,45,Castilléjar,1760,855,905
18,Granada,46,Castril,2883,1470,1413
18,Granada,47,Cenes de la Vega,5193,2647,2546
18,Granada,48,Cijuela,1537,762,775
18,Granada,49,Cogollos de Guadix,746,388,358
18,Granada,50,Cogollos de la Vega,1972,1006,966
18,Granada,51,Colomera,1610,819,791
18,Granada,53,Cortes de Baza,2717,1375,1342
18,Granada,54,Cortes y Graena,1073,554,519
18,Granada,56,Cúllar,4836,2403,2433
18,Granada,57,Cúllar Vega,3499,1754,1745
18,Granada,59,Chauchina,4124,2032,2092
18,Granada,61,Chimeneas,1518,772,746
18,Granada,62,Churriana de la Vega,7056,3478,3578
18,Granada,63,Darro,1488,739,749
18,Granada,64,Dehesas de Guadix,641,321,320
18,Granada,66,Deifontes,2369,1181,1188
18,Granada,67,Diezma,907,476,431
18,Granada,68,Dílar,1474,732,742
18,Granada,69,Dólar,613,298,315
18,Granada,70,Dúdar,272,137,135
18,Granada,71,Dúrcal,5571,2736,2835
18,Granada,72,Escúzar,828,419,409
18,Granada,74,Ferreira,361,176,185
18,Granada,76,Fonelas,1187,589,598
18,Granada,78,Freila,962,485,477
18,Granada,79,Fuente Vaqueros,3960,1952,2008
18,Granada,82,Galera,1309,652,657
18,Granada,83,Gobernador,356,174,182
18,Granada,84,Gójar,3584,1851,1733
18,Granada,85,Gor,1158,582,576
18,Granada,86,Gorafe,557,269,288
18,Granada,87,Granada,244486,113780,130706
18,Granada,88,Guadahortuna,2262,1167,1095
18,Granada,89,Guadix,19542,9606,9936
18,Granada,93,Gualchos,2970,1497,1473
18,Granada,94,Güejar Sierra,2702,1385,1317
18,Granada,95,Güevéjar,1549,779,770
18,Granada,96,Huélago,561,292,269
18,Granada,97,Huéneja,1220,606,614
18,Granada,98,Huéscar,8065,3981,4084
18,Granada,99,Huétor de Santillán,1645,852,793
18,Granada,100,Huétor Tájar,8206,4077,4129
18,Granada,101,Huétor Vega,8870,4469,4401
18,Granada,102,Illora,10495,5270,5225
18,Granada,103,Itrabo,1021,496,525
18,Granada,105,Iznalloz,6964,3505,3459
18,Granada,107,Jayena,1342,676,666
18,Granada,108,Jerez del Marquesado,1106,551,555
18,Granada,109,Jete,765,361,404
18,Granada,111,Jun,1779,903,876
18,Granada,112,Juviles,177,90,87
18,Granada,114,Calahorra (La),888,436,452
18,Granada,115,Láchar,2426,1221,1205
18,Granada,116,Lanjarón,3802,1868,1934
18,Granada,117,Lanteira,599,303,296
18,Granada,119,Lecrín,2293,1132,1161
18,Granada,120,Lentegí,343,162,181
18,Granada,121,Lobras,173,85,88
18,Granada,122,Loja,19701,9777,9924
18,Granada,123,Lugros,406,201,205
18,Granada,124,Lújar,535,284,251
18,Granada,126,Malahá (La),1658,836,822
18,Granada,127,Maracena,14651,7275,7376
18,Granada,128,Marchal,405,190,215
18,Granada,132,Moclín,4436,2178,2258
18,Granada,133,Molvízar,2722,1335,1387
18,Granada,134,Monachil,5199,2653,2546
18,Granada,135,Montefrío,6794,3400,3394
18,Granada,136,Montejícar,2825,1421,1404
18,Granada,137,Montillana,1378,692,686
18,Granada,138,Moraleda de Zafayona,2736,1402,1334
18,Granada,140,Motril,50172,24742,25430
18,Granada,141,Murtas,797,412,385
18,Granada,143,Nigüelas,1100,557,543
18,Granada,144,Nívar,663,337,326
18,Granada,145,Ogíjares,8798,4452,4346
18,Granada,146,Orce,1440,713,727
18,Granada,147,Órgiva,5035,2512,2523
18,Granada,148,Otívar,1043,524,519
18,Granada,149,Otura,4306,2150,2156
18,Granada,150,Padul,6766,3380,3386
18,Granada,151,Pampaneira,345,176,169
18,Granada,152,Pedro Martínez,1373,683,690
18,Granada,153,Peligros,7401,3700,3701
18,Granada,154,Peza (La),1433,753,680
18,Granada,157,Pinos Genil,1181,611,570
18,Granada,158,Pinos Puente,13368,6759,6609
18,Granada,159,Píñar,1329,690,639
18,Granada,161,Polícar,296,157,139
18,Granada,162,Polopos,1225,628,597
18,Granada,163,Pórtugos,451,218,233
18,Granada,164,Puebla de Don Fadrique,2478,1233,1245
18,Granada,165,Pulianas,3973,2042,1931
18,Granada,167,Purullena,2427,1190,1237
18,Granada,168,Quéntar,1086,543,543
18,Granada,170,Rubite,389,204,185
18,Granada,171,Salar,2781,1377,1404
18,Granada,173,Salobreña,10168,5051,5117
18,Granada,174,Santa Cruz del Comercio,539,277,262
18,Granada,175,Santa Fe,12730,6297,6433
18,Granada,176,Soportújar,268,143,125
18,Granada,177,Sorvilán,633,325,308
18,Granada,178,Torre-Cardela,1176,583,593
18,Granada,179,Torvizcón,916,463,453
18,Granada,180,Trevélez,762,404,358
18,Granada,181,Turón,359,201,158
18,Granada,182,Ugíjar,2464,1233,1231
18,Granada,183,Válor,921,464,457
18,Granada,184,Vélez de Benaudalla,2467,1210,1257
18,Granada,185,Ventas de Huelma,653,327,326
18,Granada,187,Villanueva de las Torres,903,470,433
18,Granada,188,Villanueva Mesía,1954,963,991
18,Granada,189,Víznar,745,398,347
18,Granada,192,Zafarraya,2176,1138,1038
18,Granada,193,Zubia (La),12850,6317,6533
18,Granada,194,Zújar,2752,1407,1345
18,Granada,901,Taha (La),789,396,393
18,Granada,902,Valle (El),1283,626,657
18,Granada,903,Nevada,1375,698,677
18,Granada,904,Alpujarra de la Sierra,1191,598,593
18,Granada,905,Gabias (Las),8577,4348,4229
18,Granada,906,Guajares (Los),1292,673,619
18,Granada,907,Valle del Zalabí,2320,1142,1178
18,Granada,908,Villamena,995,473,522
18,Granada,909,Morelábor,942,490,452
18,Granada,910,Pinar (El),1198,611,587
18,Granada,911,Vegas del Genil,2893,1452,1441
18,Granada,912,Cuevas del Campo,2161,1066,1095
18,Granada,913,Zagra,1151,572,579
19,Guadalajara,1,Abánades,116,66,50
19,Guadalajara,2,Ablanque,153,77,76
19,Guadalajara,3,Adobes,41,20,21
19,Guadalajara,4,Alaminos,81,38,43
19,Guadalajara,5,Alarilla,136,83,53
19,Guadalajara,6,Albalate de Zorita,910,493,417
19,Guadalajara,7,Albares,484,243,241
19,Guadalajara,8,Albendiego,46,26,20
19,Guadalajara,9,Alcocer,313,157,156
19,Guadalajara,10,Alcolea de las Peñas,29,15,14
19,Guadalajara,11,Alcolea del Pinar,413,208,205
19,Guadalajara,13,Alcoroches,182,102,80
19,Guadalajara,15,Aldeanueva de Guadalajara,104,45,59
19,Guadalajara,16,Algar de Mesa,80,43,37
19,Guadalajara,17,Algora,124,67,57
19,Guadalajara,18,Alhóndiga,225,124,101
19,Guadalajara,19,Alique,40,13,27
19,Guadalajara,20,Almadrones,97,64,33
19,Guadalajara,21,Almoguera,1009,522,487
19,Guadalajara,22,Almonacid de Zorita,870,413,457
19,Guadalajara,23,Alocén,146,67,79
19,Guadalajara,24,Alovera,1864,967,897
19,Guadalajara,27,Alustante,253,139,114
19,Guadalajara,31,Angón,45,25,20
19,Guadalajara,32,Anguita,275,142,133
19,Guadalajara,33,Anquela del Ducado,94,50,44
19,Guadalajara,34,Anquela del Pedregal,24,15,9
19,Guadalajara,36,Aranzueque,378,184,194
19,Guadalajara,37,Arbancón,217,117,100
19,Guadalajara,38,Arbeteta,87,41,46
19,Guadalajara,39,Argecilla,107,64,43
19,Guadalajara,40,Armallones,63,36,27
19,Guadalajara,41,Armuña de Tajuña,108,60,48
19,Guadalajara,42,Arroyo de las Fraguas,42,22,20
19,Guadalajara,43,Atanzón,98,57,41
19,Guadalajara,44,Atienza,465,245,220
19,Guadalajara,45,Auñón,255,134,121
19,Guadalajara,46,Azuqueca de Henares,19491,9898,9593
19,Guadalajara,47,Baides,80,40,40
19,Guadalajara,48,Baños de Tajo,29,18,11
19,Guadalajara,49,Bañuelos,31,18,13
19,Guadalajara,50,Barriopedro,32,13,19
19,Guadalajara,51,Berninches,117,66,51
19,Guadalajara,52,Bodera (La),56,31,25
19,Guadalajara,53,Brihuega,2895,1491,1404
19,Guadalajara,54,Budia,281,154,127
19,Guadalajara,55,Bujalaro,88,46,42
19,Guadalajara,57,Bustares,95,55,40
19,Guadalajara,58,Cabanillas del Campo,2717,1397,1320
19,Guadalajara,59,Campillo de Dueñas,132,76,56
19,Guadalajara,60,Campillo de Ranas,152,83,69
19,Guadalajara,61,Campisábalos,76,34,42
19,Guadalajara,64,Canredondo,103,51,52
19,Guadalajara,65,Cantalojas,158,83,75
19,Guadalajara,66,Cañizar,104,48,56
19,Guadalajara,67,Cardoso de la Sierra (El),93,60,33
19,Guadalajara,70,Casa de Uceda,108,55,53
19,Guadalajara,71,Casar (El),3404,1758,1646
19,Guadalajara,73,Casas de San Galindo,35,21,14
19,Guadalajara,74,Caspueñas,79,47,32
19,Guadalajara,75,Castejón de Henares,107,58,49
19,Guadalajara,76,Castellar de la Muela,55,27,28
19,Guadalajara,78,Castilforte,47,27,20
19,Guadalajara,79,Castilnuevo,11,5,6
19,Guadalajara,80,Cendejas de Enmedio,124,63,61
19,Guadalajara,81,Cendejas de la Torre,89,51,38
19,Guadalajara,82,Centenera,72,39,33
19,Guadalajara,86,Cifuentes,2195,1112,1083
19,Guadalajara,87,Cincovillas,41,21,20
19,Guadalajara,88,Ciruelas,117,64,53
19,Guadalajara,89,Ciruelos del Pinar,58,33,25
19,Guadalajara,90,Cobeta,117,63,54
19,Guadalajara,91,Cogollor,50,27,23
19,Guadalajara,92,Cogolludo,610,341,269
19,Guadalajara,95,Condemios de Abajo,29,17,12
19,Guadalajara,96,Condemios de Arriba,161,80,81
19,Guadalajara,97,Congostrina,45,22,23
19,Guadalajara,98,Copernal,31,17,14
19,Guadalajara,99,Corduente,456,249,207
19,Guadalajara,102,Cubillo de Uceda (El),131,63,68
19,Guadalajara,103,Checa,410,223,187
19,Guadalajara,104,Chequilla,21,12,9
19,Guadalajara,105,Chiloeches,1040,540,500
19,Guadalajara,106,Chillarón del Rey,123,63,60
19,Guadalajara,107,Driebes,363,190,173
19,Guadalajara,108,Durón,122,60,62
19,Guadalajara,109,Embid,66,36,30
19,Guadalajara,110,Escamilla,127,54,73
19,Guadalajara,111,Escariche,192,101,91
19,Guadalajara,112,Escopete,60,20,40
19,Guadalajara,113,Espinosa de Henares,576,285,291
19,Guadalajara,114,Esplegares,63,38,25
19,Guadalajara,115,Establés,45,24,21
19,Guadalajara,116,Estriégana,25,16,9
19,Guadalajara,117,Fontanar,958,500,458
19,Guadalajara,118,Fuembellida,16,9,7
19,Guadalajara,119,Fuencemillán,107,56,51
19,Guadalajara,120,Fuentelahiguera de Albatages,159,79,80
19,Guadalajara,121,Fuentelencina,181,101,80
19,Guadalajara,122,Fuentelsaz,133,62,71
19,Guadalajara,123,Fuentelviejo,68,36,32
19,Guadalajara,124,Fuentenovilla,226,124,102
19,Guadalajara,125,Gajanejos,79,45,34
19,Guadalajara,126,Galápagos,316,165,151
19,Guadalajara,127,Galve de Sorbe,157,75,82
19,Guadalajara,129,Gascueña de Bornova,48,26,22
19,Guadalajara,130,Guadalajara,66103,32254,33849
19,Guadalajara,132,Henche,89,49,40
19,Guadalajara,133,Heras de Ayuso,116,59,57
19,Guadalajara,134,Herrería,33,17,16
19,Guadalajara,135,Hiendelaencina,135,70,65
19,Guadalajara,136,Hijes,26,14,12
19,Guadalajara,138,Hita,257,144,113
19,Guadalajara,139,Hombrados,43,24,19
19,Guadalajara,142,Hontoba,187,92,95
19,Guadalajara,143,Horche,1463,751,712
19,Guadalajara,145,Hortezuela de Océn,81,44,37
19,Guadalajara,146,Huerce (La),41,23,18
19,Guadalajara,147,Huérmeces del Cerro,61,39,22
19,Guadalajara,148,Huertahernando,70,43,27
19,Guadalajara,150,Hueva,142,67,75
19,Guadalajara,151,Humanes,1209,614,595
19,Guadalajara,152,Illana,675,351,324
19,Guadalajara,153,Iniéstola,14,8,6
19,Guadalajara,154,Inviernas (Las),98,55,43
19,Guadalajara,155,Irueste,68,38,30
19,Guadalajara,156,Jadraque,1274,639,635
19,Guadalajara,157,Jirueque,91,50,41
19,Guadalajara,159,Ledanca,134,73,61
19,Guadalajara,160,Loranca de Tajuña,346,194,152
19,Guadalajara,161,Lupiana,262,144,118
19,Guadalajara,162,Luzaga,114,55,59
19,Guadalajara,163,Luzón,82,40,42
19,Guadalajara,165,Majaelrayo,56,32,24
19,Guadalajara,166,Málaga del Fresno,212,111,101
19,Guadalajara,167,Malaguilla,145,84,61
19,Guadalajara,168,Mandayona,430,206,224
19,Guadalajara,169,Mantiel,88,45,43
19,Guadalajara,170,Maranchón,248,139,109
19,Guadalajara,171,Marchamalo,4299,2237,2062
19,Guadalajara,172,Masegoso de Tajuña,105,54,51
19,Guadalajara,173,Matarrubia,51,32,19
19,Guadalajara,174,Matillas,203,106,97
19,Guadalajara,175,Mazarete,71,32,39
19,Guadalajara,176,Mazuecos,367,191,176
19,Guadalajara,177,Medranda,126,61,65
19,Guadalajara,178,Megina,79,40,39
19,Guadalajara,179,Membrillera,99,42,57
19,Guadalajara,181,Miedes de Atienza,99,51,48
19,Guadalajara,182,Mierla (La),26,14,12
19,Guadalajara,183,Milmarcos,116,58,58
19,Guadalajara,184,Millana,114,59,55
19,Guadalajara,185,Miñosa (La),47,28,19
19,Guadalajara,186,Mirabueno,120,64,56
19,Guadalajara,187,Miralrío,90,49,41
19,Guadalajara,188,Mochales,114,53,61
19,Guadalajara,189,Mohernando,123,66,57
19,Guadalajara,190,Molina de Aragón,3304,1691,1613
19,Guadalajara,191,Monasterio,17,6,11
19,Guadalajara,192,Mondéjar,2138,1067,1071
19,Guadalajara,193,Montarrón,58,33,25
19,Guadalajara,194,Moratilla de los Meleros,96,51,45
19,Guadalajara,195,Morenilla,55,32,23
19,Guadalajara,196,Muduex,114,58,56
19,Guadalajara,197,Navas de Jadraque (Las),29,16,13
19,Guadalajara,198,Negredo,21,10,11
19,Guadalajara,199,Ocentejo,53,23,30
19,Guadalajara,200,Olivar (El),134,62,72
19,Guadalajara,201,Olmeda de Cobeta,72,28,44
19,Guadalajara,202,Olmeda de Jadraque (La),32,13,19
19,Guadalajara,203,Ordial (El),51,19,32
19,Guadalajara,204,Orea,289,154,135
19,Guadalajara,208,Pálmaces de Jadraque,69,37,32
19,Guadalajara,209,Pardos,64,33,31
19,Guadalajara,210,Paredes de Sigüenza,55,30,25
19,Guadalajara,211,Pareja,504,258,246
19,Guadalajara,212,Pastrana,1128,567,561
19,Guadalajara,213,Pedregal (El),106,57,49
19,Guadalajara,214,Peñalén,138,77,61
19,Guadalajara,215,Peñalver,237,136,101
19,Guadalajara,216,Peralejos de las Truchas,170,90,80
19,Guadalajara,217,Peralveche,166,89,77
19,Guadalajara,218,Pinilla de Jadraque,88,44,44
19,Guadalajara,219,Pinilla de Molina,26,16,10
19,Guadalajara,220,Pioz,431,234,197
19,Guadalajara,221,Piqueras,71,42,29
19,Guadalajara,222,Pobo de Dueñas (El),172,94,78
19,Guadalajara,223,Poveda de la Sierra,195,102,93
19,Guadalajara,224,Pozo de Almoguera,181,95,86
19,Guadalajara,225,Pozo de Guadalajara,381,199,182
19,Guadalajara,226,Prádena de Atienza,46,28,18
19,Guadalajara,227,Prados Redondos,84,51,33
19,Guadalajara,228,Puebla de Beleña,46,28,18
19,Guadalajara,229,Puebla de Valles,70,39,31
19,Guadalajara,230,Quer,82,41,41
19,Guadalajara,231,Rebollosa de Jadraque,32,19,13
19,Guadalajara,232,Recuenco (El),111,55,56
19,Guadalajara,233,Renera,64,34,30
19,Guadalajara,234,Retiendas,54,26,28
19,Guadalajara,235,Riba de Saelices,171,94,77
19,Guadalajara,237,Rillo de Gallo,60,34,26
19,Guadalajara,238,Riofrío del Llano,63,35,28
19,Guadalajara,239,Robledillo de Mohernando,174,88,86
19,Guadalajara,240,Robledo de Corpes,104,50,54
19,Guadalajara,241,Romanillos de Atienza,63,37,26
19,Guadalajara,242,Romanones,140,78,62
19,Guadalajara,243,Rueda de la Sierra,66,34,32
19,Guadalajara,244,Sacecorbo,161,90,71
19,Guadalajara,245,Sacedón,1554,791,763
19,Guadalajara,246,Saelices de la Sal,66,34,32
19,Guadalajara,247,Salmerón,252,131,121
19,Guadalajara,248,San Andrés del Congosto,84,44,40
19,Guadalajara,249,San Andrés del Rey,46,19,27
19,Guadalajara,250,Santiuste,26,15,11
19,Guadalajara,251,Saúca,73,35,38
19,Guadalajara,252,Sayatón,150,81,69
19,Guadalajara,254,Selas,60,26,34
19,Guadalajara,255,Setiles,162,88,74
19,Guadalajara,256,Sienes,83,47,36
19,Guadalajara,257,Sigüenza,4594,2299,2295
19,Guadalajara,258,Solanillos del Extremo,124,64,60
19,Guadalajara,259,Somolinos,51,25,26
19,Guadalajara,260,Sotillo (El),47,25,22
19,Guadalajara,261,Sotodosos,64,30,34
19,Guadalajara,262,Tamajón,238,116,122
19,Guadalajara,263,Taragudo,33,20,13
19,Guadalajara,264,Taravilla,72,38,34
19,Guadalajara,265,Tartanedo,195,95,100
19,Guadalajara,266,Tendilla,338,178,160
19,Guadalajara,267,Terzaga,32,19,13
19,Guadalajara,268,Tierzo,53,28,25
19,Guadalajara,269,Toba (La),120,69,51
19,Guadalajara,270,Tordelrábano,12,5,7
19,Guadalajara,271,Tordellego,74,36,38
19,Guadalajara,272,Tordesilos,139,72,67
19,Guadalajara,274,Torija,449,222,227
19,Guadalajara,277,Torrecuadrada de Molina,22,14,8
19,Guadalajara,278,Torrecuadradilla,61,37,24
19,Guadalajara,279,Torre del Burgo,74,45,29
19,Guadalajara,280,Torrejón del Rey,1211,621,590
19,Guadalajara,281,Torremocha de Jadraque,18,13,5
19,Guadalajara,282,Torremocha del Campo,317,173,144
19,Guadalajara,283,Torremocha del Pinar,67,30,37
19,Guadalajara,284,Torremochuela,16,10,6
19,Guadalajara,285,Torrubia,44,24,20
19,Guadalajara,286,Tórtola de Henares,434,227,207
19,Guadalajara,287,Tortuera,223,117,106
19,Guadalajara,288,Tortuero,37,22,15
19,Guadalajara,289,Traíd,62,29,33
19,Guadalajara,290,Trijueque,465,245,220
19,Guadalajara,291,Trillo,1387,711,676
19,Guadalajara,293,Uceda,930,466,464
19,Guadalajara,294,Ujados,33,17,16
19,Guadalajara,296,Utande,57,37,20
19,Guadalajara,297,Valdarachas,28,11,17
19,Guadalajara,298,Valdearenas,81,40,41
19,Guadalajara,299,Valdeavellano,89,49,40
19,Guadalajara,300,Valdeaveruelo,318,172,146
19,Guadalajara,301,Valdeconcha,85,44,41
19,Guadalajara,302,Valdegrudas,57,32,25
19,Guadalajara,303,Valdelcubo,66,38,28
19,Guadalajara,304,Valdenuño Fernández,152,83,69
19,Guadalajara,305,Valdepeñas de la Sierra,226,121,105
19,Guadalajara,306,Valderrebollo,37,19,18
19,Guadalajara,307,Valdesotos,38,15,23
19,Guadalajara,308,Valfermoso de Tajuña,103,54,49
19,Guadalajara,309,Valhermoso,48,29,19
19,Guadalajara,310,Valtablado del Río,14,9,5
19,Guadalajara,311,Valverde de los Arroyos,102,54,48
19,Guadalajara,314,Viana de Jadraque,53,32,21
19,Guadalajara,317,Villanueva de Alcorón,279,154,125
19,Guadalajara,318,Villanueva de Argecilla,40,21,19
19,Guadalajara,319,Villanueva de la Torre,1309,687,622
19,Guadalajara,321,Villares de Jadraque,54,27,27
19,Guadalajara,322,Villaseca de Henares,72,37,35
19,Guadalajara,323,Villaseca de Uceda,67,35,32
19,Guadalajara,324,Villel de Mesa,255,133,122
19,Guadalajara,325,Viñuelas,125,75,50
19,Guadalajara,326,Yebes,167,117,50
19,Guadalajara,327,Yebra,524,271,253
19,Guadalajara,329,Yélamos de Abajo,112,54,58
19,Guadalajara,330,Yélamos de Arriba,167,91,76
19,Guadalajara,331,Yunquera de Henares,2039,1031,1008
19,Guadalajara,332,Yunta (La),168,82,86
19,Guadalajara,333,Zaorejas,206,116,90
19,Guadalajara,334,Zarzuela de Jadraque,44,17,27
19,Guadalajara,335,Zorita de los Canes,96,52,44
19,Guadalajara,901,Semillas,42,21,21
20,Guipúzcoa,1,Abaltzisketa,258,153,105
20,Guipúzcoa,2,Aduna,315,169,146
20,Guipúzcoa,3,Aizarnazabal,534,284,250
20,Guipúzcoa,4,Albiztur,291,162,129
20,Guipúzcoa,5,Alegia,1595,813,782
20,Guipúzcoa,6,Alkiza,254,143,111
20,Guipúzcoa,7,Altzo,331,171,160
20,Guipúzcoa,8,Amezketa,989,516,473
20,Guipúzcoa,9,Andoain,14153,7091,7062
20,Guipúzcoa,10,Anoeta,1707,878,829
20,Guipúzcoa,11,Antzuola,1896,967,929
20,Guipúzcoa,12,Arama,167,82,85
20,Guipúzcoa,13,Aretxabaleta,6101,3108,2993
20,Guipúzcoa,14,Asteasu,1187,635,552
20,Guipúzcoa,15,Ataun,1558,811,747
20,Guipúzcoa,16,Aia,1650,916,734
20,Guipúzcoa,17,Azkoitia,10192,5065,5127
20,Guipúzcoa,18,Azpeitia,13657,6854,6803
20,Guipúzcoa,19,Beasain,12134,6060,6074
20,Guipúzcoa,20,Beizama,160,90,70
20,Guipúzcoa,21,Belauntza,321,174,147
20,Guipúzcoa,22,Berastegi,977,534,443
20,Guipúzcoa,23,Berrobi,553,298,255
20,Guipúzcoa,24,Bidegoyan,417,234,183
20,Guipúzcoa,25,Zegama,1276,655,621
20,Guipúzcoa,26,Zerain,246,127,119
20,Guipúzcoa,27,Zestoa,3140,1623,1517
20,Guipúzcoa,28,Zizurkil,2843,1450,1393
20,Guipúzcoa,29,Deba,5092,2577,2515
20,Guipúzcoa,30,Eibar,28942,14165,14777
20,Guipúzcoa,31,Elduain,193,99,94
20,Guipúzcoa,32,Elgoibar,10702,5358,5344
20,Guipúzcoa,33,Elgeta,968,496,472
20,Guipúzcoa,34,Eskoriatza,3943,2028,1915
20,Guipúzcoa,35,Ezkio-Itsaso,555,298,257
20,Guipúzcoa,36,Hondarribia,14863,7431,7432
20,Guipúzcoa,37,Gaintza,133,83,50
20,Guipúzcoa,38,Gabiria,430,238,192
20,Guipúzcoa,39,Getaria,2436,1228,1208
20,Guipúzcoa,40,Hernani,18698,9295,9403
20,Guipúzcoa,41,Hernialde,289,146,143
20,Guipúzcoa,42,Ibarra,4334,2252,2082
20,Guipúzcoa,43,Idiazabal,2038,1032,1006
20,Guipúzcoa,44,Ikaztegieta,382,196,186
20,Guipúzcoa,45,Irun,56515,27635,28880
20,Guipúzcoa,46,Irura,749,390,359
20,Guipúzcoa,47,Itsasondo,588,292,296
20,Guipúzcoa,48,Larraul,147,86,61
20,Guipúzcoa,49,Lazkao,4876,2497,2379
20,Guipúzcoa,50,Leaburu,351,186,165
20,Guipúzcoa,51,Legazpi,8958,4609,4349
20,Guipúzcoa,52,Legorreta,1399,713,686
20,Guipúzcoa,53,Lezo,5799,2903,2896
20,Guipúzcoa,54,Lizartza,592,304,288
20,Guipúzcoa,55,Arrasate o Mondragón,23718,11863,11855
20,Guipúzcoa,56,Mutriku,4790,2384,2406
20,Guipúzcoa,57,Mutiloa,165,85,80
20,Guipúzcoa,58,Olaberria,923,477,446
20,Guipúzcoa,59,Oñati,10717,5367,5350
20,Guipúzcoa,60,Orexa,81,45,36
20,Guipúzcoa,61,Orio,4388,2221,2167
20,Guipúzcoa,62,Ormaiztegi,1159,592,567
20,Guipúzcoa,63,Oiartzun,9185,4627,4558
20,Guipúzcoa,64,Pasaia,16776,8137,8639
20,Guipúzcoa,65,Soraluze/Placencia de las Armas,4270,2119,2151
20,Guipúzcoa,66,Errezil,631,339,292
20,Guipúzcoa,67,Errenteria,39200,19292,19908
20,Guipúzcoa,68,Leintz-Gatzaga,258,143,115
20,Guipúzcoa,69,Donostia-San Sebastián,180277,84663,95614
20,Guipúzcoa,70,Segura,1247,622,625
20,Guipúzcoa,71,Tolosa,18076,8708,9368
20,Guipúzcoa,72,Urnieta,5488,2806,2682
20,Guipúzcoa,73,Usurbil,5292,2716,2576
20,Guipúzcoa,74,Bergara,15089,7515,7574
20,Guipúzcoa,75,Villabona,5531,2790,2741
20,Guipúzcoa,76,Ordizia,9089,4405,4684
20,Guipúzcoa,77,Urretxu,6428,3225,3203
20,Guipúzcoa,78,Zaldibia,1525,789,736
20,Guipúzcoa,79,Zarautz,20638,10198,10440
20,Guipúzcoa,80,Zumarraga,10300,5151,5149
20,Guipúzcoa,81,Zumaia,8392,4183,4209
20,Guipúzcoa,901,Mendaro,1378,709,669
20,Guipúzcoa,902,Lasarte-Oria,17561,8750,8811
20,Guipúzcoa,903,Astigarraga,3435,1714,1721
20,Guipúzcoa,904,Baliarrain,88,45,43
20,Guipúzcoa,905,Orendain,146,84,62
20,Guipúzcoa,906,Altzaga,98,50,48
20,Guipúzcoa,907,Gaztelu,157,88,69
21,Huelva,1,Alájar,776,392,384
21,Huelva,2,Aljaraque,10806,5414,5392
21,Huelva,3,Almendro (El),864,448,416
21,Huelva,4,Almonaster la Real,1963,960,1003
21,Huelva,5,Almonte,17444,8774,8670
21,Huelva,6,Alosno,4834,2324,2510
21,Huelva,7,Aracena,6756,3287,3469
21,Huelva,8,Aroche,3503,1738,1765
21,Huelva,9,Arroyomolinos de León,1157,594,563
21,Huelva,10,Ayamonte,16939,8322,8617
21,Huelva,11,Beas,4124,2062,2062
21,Huelva,12,Berrocal,409,201,208
21,Huelva,13,Bollullos Par del Condado,12822,6378,6444
21,Huelva,14,Bonares,5122,2609,2513
21,Huelva,15,Cabezas Rubias,962,498,464
21,Huelva,16,Cala,1414,704,710
21,Huelva,17,Calañas,4725,2315,2410
21,Huelva,18,Campillo (El),2430,1169,1261
21,Huelva,19,Campofrío,844,428,416
21,Huelva,20,Cañaveral de León,501,240,261
21,Huelva,21,Cartaya,12584,6291,6293
21,Huelva,22,Castaño del Robledo,200,106,94
21,Huelva,23,Cerro de Andévalo (El),2741,1337,1404
21,Huelva,24,Corteconcepción,672,339,333
21,Huelva,25,Cortegana,5084,2519,2565
21,Huelva,26,Cortelazor,317,158,159
21,Huelva,27,Cumbres de Enmedio,62,31,31
21,Huelva,28,Cumbres de San Bartolomé,575,286,289
21,Huelva,29,Cumbres Mayores,2119,1039,1080
21,Huelva,30,Chucena,1964,989,975
21,Huelva,31,Encinasola,1789,876,913
21,Huelva,32,Escacena del Campo,2190,1094,1096
21,Huelva,33,Fuenteheridos,636,320,316
21,Huelva,34,Galaroza,1603,769,834
21,Huelva,35,Gibraleón,10827,5495,5332
21,Huelva,36,Granada de Río-Tinto (La),222,115,107
21,Huelva,37,Granado (El),661,359,302
21,Huelva,38,Higuera de la Sierra,1258,634,624
21,Huelva,39,Hinojales,432,218,214
21,Huelva,40,Hinojos,3556,1799,1757
21,Huelva,41,Huelva,140985,68077,72908
21,Huelva,42,Isla Cristina,18236,9155,9081
21,Huelva,43,Jabugo,2558,1284,1274
21,Huelva,44,Lepe,19086,9784,9302
21,Huelva,45,Linares de la Sierra,316,153,163
21,Huelva,46,Lucena del Puerto,2237,1167,1070
21,Huelva,47,Manzanilla,2504,1237,1267
21,Huelva,48,Marines (Los),328,162,166
21,Huelva,49,Minas de Riotinto,4888,2325,2563
21,Huelva,50,Moguer,14389,7324,7065
21,Huelva,51,Nava (La),319,167,152
21,Huelva,52,Nerva,6413,3106,3307
21,Huelva,53,Niebla,3847,1938,1909
21,Huelva,54,Palma del Condado (La),9695,4798,4897
21,Huelva,55,Palos de la Frontera,7115,3638,3477
21,Huelva,56,Paterna del Campo,3894,1991,1903
21,Huelva,57,Paymogo,1269,621,648
21,Huelva,58,Puebla de Guzmán,3253,1648,1605
21,Huelva,59,Puerto Moral,254,125,129
21,Huelva,60,Punta Umbría,11987,6081,5906
21,Huelva,61,Rociana del Condado,6292,3217,3075
21,Huelva,62,Rosal de la Frontera,1865,893,972
21,Huelva,63,San Bartolomé de la Torre,2945,1490,1455
21,Huelva,64,San Juan del Puerto,5933,2961,2972
21,Huelva,65,Sanlúcar de Guadiana,397,197,200
21,Huelva,66,San Silvestre de Guzmán,647,320,327
21,Huelva,67,Santa Ana la Real,509,239,270
21,Huelva,68,Santa Bárbara de Casa,1337,672,665
21,Huelva,69,Santa Olalla del Cala,2244,1127,1117
21,Huelva,70,Trigueros,7213,3596,3617
21,Huelva,71,Valdelarco,275,132,143
21,Huelva,72,Valverde del Camino,12480,6052,6428
21,Huelva,73,Villablanca,2053,1060,993
21,Huelva,74,Villalba del Alcor,3604,1795,1809
21,Huelva,75,Villanueva de las Cruces,423,202,221
21,Huelva,76,Villanueva de los Castillejos,2682,1319,1363
21,Huelva,77,Villarrasa,2130,1082,1048
21,Huelva,78,Zalamea la Real,3455,1693,1762
21,Huelva,79,Zufre,1054,555,499
22,Huesca,1,Abiego,292,145,147
22,Huesca,2,Abizanda,137,72,65
22,Huesca,3,Adahuesca,154,81,73
22,Huesca,4,Agüero,172,92,80
22,Huesca,6,Aisa,383,206,177
22,Huesca,7,Albalate de Cinca,1149,592,557
22,Huesca,8,Albalatillo,258,128,130
22,Huesca,9,Albelda,937,481,456
22,Huesca,11,Albero Alto,101,52,49
22,Huesca,12,Albero Bajo,109,59,50
22,Huesca,13,Alberuela de Tubo,388,192,196
22,Huesca,14,Alcalá de Gurrea,319,153,166
22,Huesca,15,Alcalá del Obispo,356,186,170
22,Huesca,16,Alcampell,911,444,467
22,Huesca,17,Alcolea de Cinca,1214,614,600
22,Huesca,18,Alcubierre,467,249,218
22,Huesca,19,Alerre,195,102,93
22,Huesca,20,Alfántega,117,61,56
22,Huesca,21,Almudévar,2324,1188,1136
22,Huesca,22,Almunia de San Juan,682,346,336
22,Huesca,23,Almuniente,621,320,301
22,Huesca,24,Alquézar,310,157,153
22,Huesca,25,Altorricón,1462,760,702
22,Huesca,27,Angüés,435,237,198
22,Huesca,28,Ansó,529,268,261
22,Huesca,29,Antillón,164,83,81
22,Huesca,32,Aragüés del Puerto,135,81,54
22,Huesca,35,Arén,384,200,184
22,Huesca,36,Argavieso,129,74,55
22,Huesca,37,Arguis,68,39,29
22,Huesca,39,Ayerbe,1106,561,545
22,Huesca,40,Azanuy-Alins,193,86,107
22,Huesca,41,Azara,216,108,108
22,Huesca,42,Azlor,158,81,77
22,Huesca,43,Baélls,153,85,68
22,Huesca,44,Bailo,307,180,127
22,Huesca,45,Baldellou,144,79,65
22,Huesca,46,Ballobar,1062,534,528
22,Huesca,47,Banastás,190,101,89
22,Huesca,48,Barbastro,14671,7147,7524
22,Huesca,49,Barbués,122,63,59
22,Huesca,50,Barbuñales,112,58,54
22,Huesca,51,Bárcabo,113,62,51
22,Huesca,52,Belver de Cinca,1368,718,650
22,Huesca,53,Benabarre,1139,594,545
22,Huesca,54,Benasque,1496,792,704
22,Huesca,55,Berbegal,466,233,233
22,Huesca,57,Bielsa,474,240,234
22,Huesca,58,Bierge,223,126,97
22,Huesca,59,Biescas,1294,681,613
22,Huesca,60,Binaced,1589,809,780
22,Huesca,61,Binéfar,8228,4130,4098
22,Huesca,62,Bisaurri,216,123,93
22,Huesca,63,Biscarrués,232,123,109
22,Huesca,64,Blecua y Torres,182,92,90
22,Huesca,66,Boltaña,855,436,419
22,Huesca,67,Bonansa,76,40,36
22,Huesca,68,Borau,74,40,34
22,Huesca,69,Broto,518,266,252
22,Huesca,72,Caldearenas,259,145,114
22,Huesca,74,Campo,342,164,178
22,Huesca,75,Camporrélls,248,127,121
22,Huesca,76,Canal de Berdún,434,238,196
22,Huesca,77,Candasnos,538,281,257
22,Huesca,78,Canfranc,531,292,239
22,Huesca,79,Capdesaso,173,80,93
22,Huesca,80,Capella,393,203,190
22,Huesca,81,Casbas de Huesca,304,161,143
22,Huesca,82,Castejón del Puente,423,225,198
22,Huesca,83,Castejón de Monegros,707,357,350
22,Huesca,84,Castejón de Sos,572,297,275
22,Huesca,85,Castelflorite,148,76,72
22,Huesca,86,Castiello de Jaca,185,98,87
22,Huesca,87,Castigaleu,102,58,44
22,Huesca,88,Castillazuelo,230,109,121
22,Huesca,89,Castillonroy,423,206,217
22,Huesca,90,Colungo,124,67,57
22,Huesca,94,Chalamera,159,90,69
22,Huesca,95,Chía,113,63,50
22,Huesca,96,Chimillas,186,100,86
22,Huesca,99,Esplús,756,361,395
22,Huesca,102,Estada,206,106,100
22,Huesca,103,Estadilla,913,465,448
22,Huesca,105,Estopiñán del Castillo,181,100,81
22,Huesca,106,Fago,39,25,14
22,Huesca,107,Fanlo,176,100,76
22,Huesca,109,Fiscal,254,142,112
22,Huesca,110,Fonz,1113,571,542
22,Huesca,111,Foradada del Toscar,242,117,125
22,Huesca,112,Fraga,12000,5999,6001
22,Huesca,113,Fueva (La),615,326,289
22,Huesca,114,Gistaín,175,102,73
22,Huesca,115,Grado (El),566,300,266
22,Huesca,116,Grañén,1966,1010,956
22,Huesca,117,Graus,3199,1612,1587
22,Huesca,119,Gurrea de Gállego,1834,938,896
22,Huesca,122,Hoz de Jaca,77,34,43
22,Huesca,124,Huerto,263,144,119
22,Huesca,125,Huesca,45653,22002,23651
22,Huesca,126,Ibieca,101,50,51
22,Huesca,127,Igriés,225,114,111
22,Huesca,128,Ilche,279,146,133
22,Huesca,129,Isábena,253,130,123
22,Huesca,130,Jaca,11414,5656,5758
22,Huesca,131,Jasa,127,73,54
22,Huesca,133,Labuerda,172,90,82
22,Huesca,135,Laluenga,266,137,129
22,Huesca,136,Lalueza,1207,639,568
22,Huesca,137,Lanaja,1569,812,757
22,Huesca,139,Laperdiguera,99,49,50
22,Huesca,141,Lascellas-Ponzano,164,85,79
22,Huesca,142,Lascuarre,164,90,74
22,Huesca,143,Laspaúles,290,159,131
22,Huesca,144,Laspuña,274,149,125
22,Huesca,149,Loarre,407,215,192
22,Huesca,150,Loporzano,519,271,248
22,Huesca,151,Loscorrales,120,67,53
22,Huesca,155,Monesma y Cajigar,102,51,51
22,Huesca,156,Monflorite-Lascasas,201,110,91
22,Huesca,157,Montanuy,307,174,133
22,Huesca,158,Monzón,14665,7359,7306
22,Huesca,160,Naval,295,151,144
22,Huesca,162,Novales,184,93,91
22,Huesca,163,Nueno,240,136,104
22,Huesca,164,Olvena,56,25,31
22,Huesca,165,Ontiñena,652,326,326
22,Huesca,167,Osso de Cinca,730,400,330
22,Huesca,168,Palo,27,15,12
22,Huesca,170,Panticosa,709,356,353
22,Huesca,172,Peñalba,795,395,400
22,Huesca,173,Peñas de Riglos (Las),279,157,122
22,Huesca,174,Peralta de Alcofea,725,358,367
22,Huesca,175,Peralta de Calasanz,271,148,123
22,Huesca,176,Peraltilla,169,91,78
22,Huesca,177,Perarrúa,127,62,65
22,Huesca,178,Pertusa,153,81,72
22,Huesca,181,Piracés,100,64,36
22,Huesca,182,Plan,322,173,149
22,Huesca,184,Poleñino,260,132,128
22,Huesca,186,Pozán de Vero,259,123,136
22,Huesca,187,Puebla de Castro (La),335,172,163
22,Huesca,188,Puente de Montañana,127,61,66
22,Huesca,189,Puértolas,209,115,94
22,Huesca,190,Pueyo de Araguás (El),160,100,60
22,Huesca,193,Pueyo de Santa Cruz,340,171,169
22,Huesca,195,Quicena,149,79,70
22,Huesca,197,Robres,670,347,323
22,Huesca,199,Sabiñánigo,8483,4287,4196
22,Huesca,200,Sahún,289,159,130
22,Huesca,201,Salas Altas,380,196,184
22,Huesca,202,Salas Bajas,142,70,72
22,Huesca,203,Salillas,117,62,55
22,Huesca,204,Sallent de Gállego,1053,550,503
22,Huesca,205,San Esteban de Litera,604,302,302
22,Huesca,206,Sangarrén,279,136,143
22,Huesca,207,San Juan de Plan,152,81,71
22,Huesca,208,Santa Cilia,170,97,73
22,Huesca,209,Santa Cruz de la Serós,139,80,59
22,Huesca,212,Santaliestra y San Quílez,95,54,41
22,Huesca,213,Sariñena,4021,2019,2002
22,Huesca,214,Secastilla,162,71,91
22,Huesca,215,Seira,209,105,104
22,Huesca,217,Sena,562,295,267
22,Huesca,218,Senés de Alcubierre,61,31,30
22,Huesca,220,Sesa,260,133,127
22,Huesca,221,Sesué,119,60,59
22,Huesca,222,Siétamo,366,205,161
22,Huesca,223,Sopeira,113,57,56
22,Huesca,225,Tamarite de Litera,3751,1876,1875
22,Huesca,226,Tardienta,1070,547,523
22,Huesca,227,Tella-Sin,275,144,131
22,Huesca,228,Tierz,180,89,91
22,Huesca,229,Tolva,197,105,92
22,Huesca,230,Torla,317,168,149
22,Huesca,232,Torralba de Aragón,126,60,66
22,Huesca,233,Torre la Ribera,116,65,51
22,Huesca,234,Torrente de Cinca,1081,538,543
22,Huesca,235,Torres de Alcanadre,137,80,57
22,Huesca,236,Torres de Barbués,363,182,181
22,Huesca,239,Tramaced,106,64,42
22,Huesca,242,Valfarta,96,55,41
22,Huesca,243,Valle de Bardají,56,29,27
22,Huesca,244,Valle de Lierp,59,31,28
22,Huesca,245,Velilla de Cinca,479,238,241
22,Huesca,246,Veracruz,111,59,52
22,Huesca,247,Viacamp y Litera,30,20,10
22,Huesca,248,Vicién,125,65,60
22,Huesca,249,Villanova,140,70,70
22,Huesca,250,Villanúa,345,174,171
22,Huesca,251,Villanueva de Sigena,508,251,257
22,Huesca,252,Yebra de Basa,166,96,70
22,Huesca,253,Yésero,76,40,36
22,Huesca,254,Zaidín,1669,833,836
22,Huesca,901,Valle de Hecho,992,512,480
22,Huesca,902,Puente la Reina de Jaca,232,121,111
22,Huesca,903,San Miguel del Cinca,915,473,442
22,Huesca,904,Sotonera (La),1108,590,518
22,Huesca,905,Lupiñén-Ortilla,359,191,168
22,Huesca,906,Santa María de Dulcis,216,112,104
22,Huesca,907,Aínsa-Sobrarbe,1595,829,766
22,Huesca,908,Hoz y Costean,224,127,97
22,Huesca,909,Vencillón,465,238,227
23,Jaén,1,Albánchez de Úbeda,1497,760,737
23,Jaén,2,Alcalá la Real,21599,10627,10972
23,Jaén,3,Alcaudete,11367,5625,5742
23,Jaén,4,Aldeaquemada,602,314,288
23,Jaén,5,Andújar,37621,18559,19062
23,Jaén,6,Arjona,5634,2848,2786
23,Jaén,7,Arjonilla,3917,1955,1962
23,Jaén,8,Arquillos,1970,985,985
23,Jaén,9,Baeza,15738,7720,8018
23,Jaén,10,Bailén,17472,8903,8569
23,Jaén,11,Baños de la Encina,2721,1385,1336
23,Jaén,12,Beas de Segura,8029,4118,3911
23,Jaén,14,Begíjar,3136,1573,1563
23,Jaén,15,Bélmez de la Moraleda,1959,1001,958
23,Jaén,16,Benatae,574,319,255
23,Jaén,17,Cabra del Santo Cristo,2250,1149,1101
23,Jaén,18,Cambil,3108,1638,1470
23,Jaén,19,Campillo de Arenas,2179,1109,1070
23,Jaén,20,Canena,2122,1025,1097
23,Jaén,21,Carboneros,679,336,343
23,Jaén,24,Carolina (La),14938,7360,7578
23,Jaén,25,Castellar,3676,1853,1823
23,Jaén,26,Castillo de Locubín,5166,2535,2631
23,Jaén,27,Cazalilla,829,421,408
23,Jaén,28,Cazorla,8397,4083,4314
23,Jaén,29,Chiclana de Segura,1346,675,671
23,Jaén,30,Chilluévar,1721,852,869
23,Jaén,31,Escañuela,935,464,471
23,Jaén,32,Espelúy,788,393,395
23,Jaén,33,Frailes,1858,948,910
23,Jaén,34,Fuensanta de Martos,3330,1661,1669
23,Jaén,35,Fuerte del Rey,1157,576,581
23,Jaén,37,Génave,691,364,327
23,Jaén,38,Guardia de Jaén (La),2062,1074,988
23,Jaén,39,Guarromán,2802,1376,1426
23,Jaén,40,Lahiguera,1913,945,968
23,Jaén,41,Higuera de Calatrava,691,356,335
23,Jaén,42,Hinojares,501,239,262
23,Jaén,43,Hornos,718,347,371
23,Jaén,44,Huelma,6232,3191,3041
23,Jaén,45,Huesa,2719,1367,1352
23,Jaén,46,Ibros,3015,1513,1502
23,Jaén,47,Iruela (La),1907,967,940
23,Jaén,48,Iznatoraf,1218,608,610
23,Jaén,49,Jabalquinto,2547,1267,1280
23,Jaén,50,Jaén,110781,53491,57290
23,Jaén,51,Jamilena,3301,1683,1618
23,Jaén,52,Jimena,1582,763,819
23,Jaén,53,Jódar,11805,5848,5957
23,Jaén,54,Larva,521,273,248
23,Jaén,55,Linares,58034,28290,29744
23,Jaén,56,Lopera,3978,1953,2025
23,Jaén,57,Lupión,1050,500,550
23,Jaén,58,Mancha Real,9012,4616,4396
23,Jaén,59,Marmolejo,7549,3800,3749
23,Jaén,60,Martos,22732,10988,11744
23,Jaén,61,Mengíbar,8339,4181,4158
23,Jaén,62,Montizón,1969,1010,959
23,Jaén,63,Navas de San Juan,5155,2552,2603
23,Jaén,64,Noalejo,2278,1146,1132
23,Jaén,65,Orcera,2258,1128,1130
23,Jaén,66,Peal de Becerro,5310,2633,2677
23,Jaén,67,Pegalajar,3074,1570,1504
23,Jaén,69,Porcuna,6941,3470,3471
23,Jaén,70,Pozo Alcón,5618,2819,2799
23,Jaén,71,Puente de Génave,1972,974,998
23,Jaén,72,Puerta de Segura (La),2677,1339,1338
23,Jaén,73,Quesada,6089,2995,3094
23,Jaén,74,Rus,3747,1870,1877
23,Jaén,75,Sabiote,4192,2120,2072
23,Jaén,76,Santa Elena,992,528,464
23,Jaén,77,Santiago de Calatrava,916,455,461
23,Jaén,79,Santisteban del Puerto,4863,2472,2391
23,Jaén,80,Santo Tomé,2315,1164,1151
23,Jaén,81,Segura de la Sierra,2204,1103,1101
23,Jaén,82,Siles,2636,1320,1316
23,Jaén,84,Sorihuela del Guadalimar,1238,632,606
23,Jaén,85,Torreblascopedro,2976,1493,1483
23,Jaén,86,Torre del Campo,13052,6534,6518
23,Jaén,87,Torredonjimeno,13846,6810,7036
23,Jaén,88,Torreperogil,7424,3661,3763
23,Jaén,90,Torres,1816,937,879
23,Jaén,91,Torres de Albánchez,1021,510,511
23,Jaén,92,Úbeda,32456,15815,16641
23,Jaén,93,Valdepeñas de Jaén,4509,2283,2226
23,Jaén,94,Vilches,5030,2504,2526
23,Jaén,95,Villacarrillo,11067,5497,5570
23,Jaén,96,Villanueva de la Reina,3304,1647,1657
23,Jaén,97,Villanueva del Arzobispo,8650,4349,4301
23,Jaén,98,Villardompardo,1258,620,638
23,Jaén,99,Villares (Los),4851,2424,2427
23,Jaén,101,Villarrodrigo,565,279,286
23,Jaén,901,Cárcheles,1537,756,781
23,Jaén,902,Bedmar y Garcíez,3268,1641,1627
23,Jaén,903,Villatorres,4197,2123,2074
23,Jaén,904,Santiago-Pontones,4425,2250,2175
24,León,1,Acebedo,284,155,129
24,León,2,Algadefe,371,187,184
24,León,3,Alija del Infantado,962,484,478
24,León,4,Almanza,733,391,342
24,León,5,Antigua (La),625,332,293
24,León,6,Ardón,683,354,329
24,León,7,Arganza,959,476,483
24,León,8,Astorga,12377,5864,6513
24,León,9,Balboa,460,242,218
24,León,10,Bañeza (La),10404,5047,5357
24,León,11,Barjas,403,219,184
24,León,12,Barrios de Luna (Los),347,171,176
24,León,14,Bembibre,10734,5316,5418
24,León,15,Benavides,3046,1542,1504
24,León,16,Benuza,930,492,438
24,León,17,Bercianos del Páramo,861,434,427
24,León,18,Bercianos del Real Camino,221,111,110
24,León,19,Berlanga del Bierzo,429,201,228
24,León,20,Boca de Huérgano,600,328,272
24,León,21,Boñar,2592,1263,1329
24,León,22,Borrenes,510,259,251
24,León,23,Brazuelo,347,174,173
24,León,24,Burgo Ranero (El),960,507,453
24,León,25,Burón,404,216,188
24,León,26,Bustillo del Páramo,1884,947,937
24,León,27,Cabañas Raras,1320,677,643
24,León,28,Cabreros del Río,602,311,291
24,León,29,Cabrillanes,1139,560,579
24,León,30,Cacabelos,4868,2441,2427
24,León,31,Calzada del Coto,303,169,134
24,León,32,Campazas,163,84,79
24,León,33,Campo de Villavidel,345,177,168
24,León,34,Camponaraya,3209,1558,1651
24,León,36,Candín,444,241,203
24,León,37,Cármenes,437,227,210
24,León,38,Carracedelo,3552,1731,1821
24,León,39,Carrizo,2735,1356,1379
24,León,40,Carrocera,616,301,315
24,León,41,Carucedo,665,318,347
24,León,42,Castilfalé,105,53,52
24,León,43,Castrillo de Cabrera,191,96,95
24,León,44,Castrillo de la Valduerna,238,103,135
24,León,46,Castrocalbón,1370,696,674
24,León,47,Castrocontrigo,1186,587,599
24,León,49,Castropodame,1921,983,938
24,León,50,Castrotierra de Valmadrigal,155,77,78
24,León,51,Cea,744,389,355
24,León,52,Cebanico,250,134,116
24,León,53,Cebrones del Río,702,347,355
24,León,54,Cimanes de la Vega,688,341,347
24,León,55,Cimanes del Tejar,1011,498,513
24,León,56,Cistierna,4418,2149,2269
24,León,57,Congosto,1734,828,906
24,León,58,Corbillos de los Oteros,295,145,150
24,León,59,Corullón,1211,607,604
24,León,60,Crémenes,1098,528,570
24,León,61,Cuadros,1676,805,871
24,León,62,Cubillas de los Oteros,214,107,107
24,León,63,Cubillas de Rueda,640,323,317
24,León,64,Cubillos del Sil,1520,793,727
24,León,65,Chozas de Abajo,2144,1103,1041
24,León,66,Destriana,854,405,449
24,León,67,Encinedo,1037,525,512
24,León,68,Ercina (La),718,353,365
24,León,69,Escobar de Campos,77,46,31
24,León,70,Fabero,5924,2942,2982
24,León,71,Folgoso de la Ribera,1364,663,701
24,León,73,Fresno de la Vega,693,351,342
24,León,74,Fuentes de Carbajal,136,71,65
24,León,76,Garrafe de Torío,1191,602,589
24,León,77,Gordaliza del Pino,353,177,176
24,León,78,Gordoncillo,625,305,320
24,León,79,Gradefes,1342,652,690
24,León,80,Grajal de Campos,306,134,172
24,León,81,Gusendos de los Oteros,213,108,105
24,León,82,Hospital de Órbigo,1127,551,576
24,León,83,Igüeña,1950,1015,935
24,León,84,Izagre,266,131,135
24,León,86,Joarilla de las Matas,439,229,210
24,León,87,Laguna Dalga,916,461,455
24,León,88,Laguna de Negrillos,1537,777,760
24,León,89,León,138006,64391,73615
24,León,90,Lucillo,530,267,263
24,León,91,Luyego,1006,480,526
24,León,92,Llamas de la Ribera,1214,616,598
24,León,93,Magaz de Cepeda,518,244,274
24,León,94,Mansilla de las Mulas,1756,891,865
24,León,95,Mansilla Mayor,424,210,214
24,León,96,Maraña,181,94,87
24,León,97,Matadeón de los Oteros,305,158,147
24,León,98,Matallana de Torío,1691,842,849
24,León,99,Matanza,297,150,147
24,León,100,Molinaseca,783,407,376
24,León,101,Murias de Paredes,657,303,354
24,León,102,Noceda,936,465,471
24,León,103,Oencia,531,289,242
24,León,104,Omañas (Las),446,228,218
24,León,105,Onzonilla,1440,719,721
24,León,106,Oseja de Sajambre,360,200,160
24,León,107,Pajares de los Oteros,362,188,174
24,León,108,Palacios de la Valduerna,549,256,293
24,León,109,Palacios del Sil,1470,749,721
24,León,110,Páramo del Sil,1831,930,901
24,León,112,Peranzanes,344,190,154
24,León,113,Pobladura de Pelayo García,584,295,289
24,León,114,Pola de Gordón (La),4974,2400,2574
24,León,115,Ponferrada,62642,30472,32170
24,León,116,Posada de Valdeón,490,264,226
24,León,117,Pozuelo del Páramo,642,332,310
24,León,118,Prado de la Guzpeña,168,88,80
24,León,119,Priaranza del Bierzo,974,496,478
24,León,120,Prioro,461,241,220
24,León,121,Puebla de Lillo,733,385,348
24,León,122,Puente de Domingo Flórez,1985,1050,935
24,León,123,Quintana del Castillo,1133,597,536
24,León,124,Quintana del Marco,541,278,263
24,León,125,Quintana y Congosto,814,413,401
24,León,127,Regueras de Arriba,404,209,195
24,León,129,Reyero,156,81,75
24,León,130,Riaño,627,344,283
24,León,131,Riego de la Vega,1144,557,587
24,León,132,Riello,977,508,469
24,León,133,Rioseco de Tapia,566,300,266
24,León,134,Robla (La),5035,2492,2543
24,León,136,Roperuelos del Páramo,823,407,416
24,León,137,Sabero,1876,922,954
24,León,139,Sahagún,3112,1487,1625
24,León,141,San Adrián del Valle,159,74,85
24,León,142,San Andrés del Rabanedo,24212,11779,12433
24,León,143,Sancedo,593,299,294
24,León,144,San Cristóbal de la Polantera,1091,550,541
24,León,145,San Emiliano,911,466,445
24,León,146,San Esteban de Nogales,358,164,194
24,León,148,San Justo de la Vega,2289,1163,1126
24,León,149,San Millán de los Caballeros,193,98,95
24,León,150,San Pedro Bercianos,389,198,191
24,León,151,Santa Colomba de Curueño,634,306,328
24,León,152,Santa Colomba de Somoza,464,235,229
24,León,153,Santa Cristina de Valmadrigal,366,191,175
24,León,154,Santa Elena de Jamuz,1401,712,689
24,León,155,Santa María de la Isla,705,369,336
24,León,156,Santa María del Monte de Cea,398,193,205
24,León,157,Santa María del Páramo,3173,1552,1621
24,León,158,Santa María de Ordás,431,208,223
24,León,159,Santa Marina del Rey,2594,1283,1311
24,León,160,Santas Martas,1014,526,488
24,León,161,Santiago Millas,351,179,172
24,León,162,Santovenia de la Valdoncina,1698,835,863
24,León,163,Sariegos,2230,1127,1103
24,León,164,Sena de Luna,499,247,252
24,León,165,Sobrado,559,291,268
24,León,166,Soto de la Vega,1999,1014,985
24,León,167,Soto y Amío,1074,518,556
24,León,168,Toral de los Guzmanes,697,357,340
24,León,169,Toreno,4330,2207,2123
24,León,170,Torre del Bierzo,3165,1589,1576
24,León,171,Trabadelo,565,296,269
24,León,172,Truchas,777,381,396
24,León,173,Turcia,1322,659,663
24,León,174,Urdiales del Páramo,719,372,347
24,León,175,Valdefresno,1761,908,853
24,León,176,Valdefuentes del Páramo,441,229,212
24,León,177,Valdelugueros,442,246,196
24,León,178,Valdemora,126,57,69
24,León,179,Valdepiélago,435,219,216
24,León,180,Valdepolo,1611,843,768
24,León,181,Valderas,2174,1105,1069
24,León,182,Valderrey,649,318,331
24,León,183,Valderrueda,1278,648,630
24,León,184,Valdesamario,278,137,141
24,León,185,Val de San Lorenzo,767,368,399
24,León,187,Valdevimbre,1208,615,593
24,León,188,Valencia de Don Juan,4064,2016,2048
24,León,189,Valverde de la Virgen,4152,2083,2069
24,León,190,Valverde-Enrique,219,108,111
24,León,191,Vallecillo,171,89,82
24,León,193,Vecilla (La),422,219,203
24,León,194,Vegacervera,376,193,183
24,León,196,Vega de Espinareda,2960,1479,1481
24,León,197,Vega de Infanzones,892,436,456
24,León,198,Vega de Valcarce,874,440,434
24,León,199,Vegaquemada,548,263,285
24,León,201,Vegas del Condado,1392,735,657
24,León,202,Villablino,14169,7120,7049
24,León,203,Villabraz,152,78,74
24,León,205,Villadangos del Páramo,1024,513,511
24,León,206,Villadecanes,2325,1161,1164
24,León,207,Villademor de la Vega,465,247,218
24,León,209,Villafranca del Bierzo,3807,1886,1921
24,León,210,Villagatón,872,442,430
24,León,211,Villamandos,435,207,228
24,León,212,Villamañán,1437,717,720
24,León,213,Villamartín de Don Sancho,194,101,93
24,León,214,Villamejil,993,494,499
24,León,215,Villamol,252,126,126
24,León,216,Villamontán de la Valduerna,1109,560,549
24,León,217,Villamoratiel de las Matas,185,110,75
24,León,218,Villanueva de las Manzanas,608,296,312
24,León,219,Villaobispo de Otero,718,360,358
24,León,221,Villaquejida,1086,563,523
24,León,222,Villaquilambre,8070,4041,4029
24,León,223,Villarejo de Órbigo,3434,1670,1764
24,León,224,Villares de Órbigo,953,484,469
24,León,225,Villasabariego,1239,618,621
24,León,226,Villaselán,321,173,148
24,León,227,Villaturiel,1813,953,860
24,León,228,Villazala,1052,547,505
24,León,229,Villazanzo de Valderaduey,721,384,337
24,León,230,Zotes del Páramo,665,355,310
24,León,901,Villamanín,1301,645,656
24,León,902,Villaornate y Castro,554,301,253
25,Lleida,1,Abella de la Conca,197,106,91
25,Lleida,2,Àger,528,284,244
25,Lleida,3,Agramunt,4902,2506,2396
25,Lleida,4,Alamús (Els),698,350,348
25,Lleida,5,Alàs i Cerc,400,213,187
25,Lleida,6,Albagés (L'),510,265,245
25,Lleida,7,Albatàrrec,1130,567,563
25,Lleida,8,Albesa,1494,738,756
25,Lleida,9,Albi (L'),782,407,375
25,Lleida,10,Alcanó,259,133,126
25,Lleida,11,Alcarràs,4767,2393,2374
25,Lleida,12,Alcoletge,1770,919,851
25,Lleida,13,Alfarràs,2905,1414,1491
25,Lleida,14,Alfés,328,171,157
25,Lleida,15,Algerri,521,254,267
25,Lleida,16,Alguaire,2807,1425,1382
25,Lleida,17,Alins,272,136,136
25,Lleida,19,Almacelles,5564,2813,2751
25,Lleida,20,Almatret,484,253,231
25,Lleida,21,Almenar,3441,1763,1678
25,Lleida,22,Alòs de Balaguer,187,109,78
25,Lleida,23,Alpicat,4016,2005,2011
25,Lleida,24,Alt Àneu,411,227,184
25,Lleida,25,Naut Aran,1480,777,703
25,Lleida,27,Anglesola,1277,652,625
25,Lleida,29,Arbeca,2384,1220,1164
25,Lleida,30,Pont de Bar (El),160,88,72
25,Lleida,31,Arres,63,32,31
25,Lleida,32,Arsèguel,108,58,50
25,Lleida,33,Artesa de Lleida,1326,683,643
25,Lleida,34,Artesa de Segre,3169,1624,1545
25,Lleida,35,Sentiu de Sió (La),474,230,244
25,Lleida,36,Aspa,267,135,132
25,Lleida,37,Avellanes i Santa Linya (Les),483,257,226
25,Lleida,38,Aitona,2186,1086,1100
25,Lleida,39,Baix Pallars,363,207,156
25,Lleida,40,Balaguer,13275,6509,6766
25,Lleida,41,Barbens,787,403,384
25,Lleida,42,Baronia de Rialb (La),266,139,127
25,Lleida,43,Vall de Boí (La),870,481,389
25,Lleida,44,Bassella,308,156,152
25,Lleida,45,Bausen,62,36,26
25,Lleida,46,Belianes,550,260,290
25,Lleida,47,Bellcaire d'Urgell,1307,626,681
25,Lleida,48,Bell-lloc d'Urgell,2124,1050,1074
25,Lleida,49,Bellmunt d'Urgell,231,113,118
25,Lleida,50,Bellpuig,4041,2009,2032
25,Lleida,51,Bellver de Cerdanya,1614,861,753
25,Lleida,52,Bellvís,2173,1067,1106
25,Lleida,53,Benavent de Segrià,904,469,435
25,Lleida,55,Biosca,247,126,121
25,Lleida,56,Bovera,396,202,194
25,Lleida,57,Bòrdes (Es),212,111,101
25,Lleida,58,Borges Blanques (Les),5212,2601,2611
25,Lleida,59,Bossòst,866,434,432
25,Lleida,60,Cabanabona,98,49,49
25,Lleida,61,Cabó,123,71,52
25,Lleida,62,Camarasa,885,449,436
25,Lleida,63,Canejan,108,52,56
25,Lleida,64,Castellar de la Ribera,153,70,83
25,Lleida,67,Castelldans,959,483,476
25,Lleida,68,Castellnou de Seana,701,362,339
25,Lleida,69,Castelló de Farfanya,587,298,289
25,Lleida,70,Castellserà,1107,541,566
25,Lleida,71,Cava,57,34,23
25,Lleida,72,Cervera,7437,3659,3778
25,Lleida,73,Cervià de les Garrigues,845,438,407
25,Lleida,74,Ciutadilla,213,108,105
25,Lleida,75,Clariana de Cardener,145,75,70
25,Lleida,76,Cogul (El),232,121,111
25,Lleida,77,Coll de Nargó,606,323,283
25,Lleida,78,Corbins,1055,537,518
25,Lleida,79,Cubells,382,194,188
25,Lleida,81,Espluga Calba (L'),424,222,202
25,Lleida,82,Espot,298,162,136
25,Lleida,85,Estaràs,187,103,84
25,Lleida,86,Esterri d'Àneu,646,319,327
25,Lleida,87,Esterri de Cardós,75,40,35
25,Lleida,88,Estamariu,123,66,57
25,Lleida,89,Farrera,97,57,40
25,Lleida,92,Floresta (La),177,96,81
25,Lleida,93,Fondarella,680,343,337
25,Lleida,94,Foradada,215,125,90
25,Lleida,96,Fuliola (La),1251,630,621
25,Lleida,97,Fulleda,116,61,55
25,Lleida,98,Gavet de la Conca,322,159,163
25,Lleida,99,Golmés,1336,644,692
25,Lleida,100,Gósol,225,125,100
25,Lleida,101,Granadella (La),810,420,390
25,Lleida,102,Granja d'Escarp (La),1100,586,514
25,Lleida,103,Granyanella,150,77,73
25,Lleida,104,Granyena de Segarra,158,82,76
25,Lleida,105,Granyena de les Garrigues,170,86,84
25,Lleida,109,Guimerà,399,202,197
25,Lleida,110,Guissona,3339,1700,1639
25,Lleida,111,Guixers,151,91,60
25,Lleida,112,Ivars de Noguera,338,171,167
25,Lleida,113,Ivars d'Urgell,1764,907,857
25,Lleida,114,Ivorra,153,72,81
25,Lleida,115,Isona i Conca Dellà,1222,650,572
25,Lleida,118,Juncosa,629,360,269
25,Lleida,119,Juneda,2988,1503,1485
25,Lleida,120,Lleida,112194,54537,57657
25,Lleida,121,Les,697,351,346
25,Lleida,122,Linyola,2401,1192,1209
25,Lleida,123,Lladorre,234,119,115
25,Lleida,124,Lladurs,244,128,116
25,Lleida,125,Llardecans,625,322,303
25,Lleida,126,Llavorsí,285,141,144
25,Lleida,127,Lles de Cerdanya,288,161,127
25,Lleida,128,Llimiana,147,81,66
25,Lleida,129,Llobera,237,122,115
25,Lleida,130,Maldà,292,153,139
25,Lleida,131,Massalcoreig,638,305,333
25,Lleida,132,Massoteres,183,95,88
25,Lleida,133,Maials,985,493,492
25,Lleida,134,Menàrguens,806,412,394
25,Lleida,135,Miralcamp,1250,598,652
25,Lleida,136,Molsosa (La),133,68,65
25,Lleida,137,Mollerussa,9581,4749,4832
25,Lleida,138,Montgai,789,402,387
25,Lleida,139,Montellà i Martinet,507,265,242
25,Lleida,140,Montferrer i Castellbò,738,405,333
25,Lleida,141,Montoliu de Segarra,192,109,83
25,Lleida,142,Montoliu de Lleida,479,235,244
25,Lleida,143,Montornès de Segarra,104,48,56
25,Lleida,145,Nalec,105,50,55
25,Lleida,146,Navès,272,131,141
25,Lleida,148,Odèn,279,159,120
25,Lleida,149,Oliana,1864,943,921
25,Lleida,150,Oliola,227,125,102
25,Lleida,151,Olius,555,282,273
25,Lleida,152,Oluges (Les),187,95,92
25,Lleida,153,Omellons (Els),264,135,129
25,Lleida,154,Omells de na Gaia (Els),152,82,70
25,Lleida,155,Organyà,992,507,485
25,Lleida,156,Os de Balaguer,768,401,367
25,Lleida,157,Ossó de Sió,233,119,114
25,Lleida,158,Palau d'Anglesola (El),1682,831,851
25,Lleida,161,Conca de Dalt,419,218,201
25,Lleida,163,Coma i la Pedra (La),240,147,93
25,Lleida,164,Penelles,536,293,243
25,Lleida,165,Peramola,394,212,182
25,Lleida,166,Pinell de Solsonès,225,120,105
25,Lleida,167,Pinós,320,174,146
25,Lleida,168,Poal (El),613,330,283
25,Lleida,169,Pobla de Cérvoles (La),212,119,93
25,Lleida,170,Bellaguarda,354,174,180
25,Lleida,171,Pobla de Segur (La),2852,1385,1467
25,Lleida,172,Ponts,2382,1204,1178
25,Lleida,173,Pont de Suert (El),2164,1094,1070
25,Lleida,174,Portella (La),576,311,265
25,Lleida,175,Prats i Sansor,212,115,97
25,Lleida,176,Preixana,440,216,224
25,Lleida,177,Preixens,523,250,273
25,Lleida,179,Prullans,219,116,103
25,Lleida,180,Puiggròs,261,137,124
25,Lleida,181,Puigverd d'Agramunt,243,136,107
25,Lleida,182,Puigverd de Lleida,1043,511,532
25,Lleida,183,Rialp,517,272,245
25,Lleida,185,Ribera d'Urgellet,811,423,388
25,Lleida,186,Riner,286,150,136
25,Lleida,189,Rosselló,1852,903,949
25,Lleida,190,Salàs de Pallars,330,163,167
25,Lleida,191,Sanaüja,464,225,239
25,Lleida,192,Sant Guim de Freixenet,1046,506,540
25,Lleida,193,Sant Llorenç de Morunys,900,457,443
25,Lleida,194,Sant Ramon,556,277,279
25,Lleida,196,Sant Esteve de la Sarga,117,72,45
25,Lleida,197,Sant Guim de la Plana,189,100,89
25,Lleida,200,Sarroca de Lleida,481,242,239
25,Lleida,201,Sarroca de Bellera,155,87,68
25,Lleida,202,Senterada,112,59,53
25,Lleida,203,Seu d'Urgell (La),10943,5305,5638
25,Lleida,204,Seròs,1737,927,810
25,Lleida,205,Sidamon,527,264,263
25,Lleida,206,Soleràs (El),418,215,203
25,Lleida,207,Solsona,7343,3649,3694
25,Lleida,208,Soriguera,308,158,150
25,Lleida,209,Sort,1791,897,894
25,Lleida,210,Soses,1537,801,736
25,Lleida,211,Sudanell,712,385,327
25,Lleida,212,Sunyer,300,148,152
25,Lleida,215,Talarn,364,184,180
25,Lleida,216,Talavera,296,155,141
25,Lleida,217,Tàrrega,12548,6063,6485
25,Lleida,218,Tarrés,105,58,47
25,Lleida,219,Tarroja de Segarra,178,88,90
25,Lleida,220,Térmens,1404,706,698
25,Lleida,221,Tírvia,122,67,55
25,Lleida,222,Tiurana,23,16,7
25,Lleida,223,Torà,1191,599,592
25,Lleida,224,Torms (Els),197,106,91
25,Lleida,225,Tornabous,820,415,405
25,Lleida,226,Torrebesses,323,159,164
25,Lleida,227,Torre de Cabdella (La),679,339,340
25,Lleida,228,Torrefarrera,1734,884,850
25,Lleida,230,Torregrossa,2242,1107,1135
25,Lleida,231,Torrelameu,578,317,261
25,Lleida,232,Torres de Segre,1815,932,883
25,Lleida,233,Torre-serona,326,162,164
25,Lleida,234,Tremp,5377,2650,2727
25,Lleida,238,Vallbona de les Monges,266,128,138
25,Lleida,239,Valls de Valira (Les),757,413,344
25,Lleida,240,Vallfogona de Balaguer,1505,756,749
25,Lleida,242,Verdú,1041,498,543
25,Lleida,243,Vielha e Mijaran,4139,2079,2060
25,Lleida,244,Vilagrassa,453,243,210
25,Lleida,245,Vilaller,578,303,275
25,Lleida,247,Vilamòs,152,78,74
25,Lleida,248,Vilanova de Bellpuig,1139,567,572
25,Lleida,249,Vilanova de l'Aguda,273,140,133
25,Lleida,250,Vilanova de Meià,473,244,229
25,Lleida,251,Vilanova de Segrià,789,405,384
25,Lleida,252,Vila-sana,514,252,262
25,Lleida,253,Vilosell (El),197,88,109
25,Lleida,254,Vilanova de la Barca,921,459,462
25,Lleida,255,Vinaixa,627,302,325
25,Lleida,901,Vall de Cardós,318,166,152
25,Lleida,902,Sant Martí de Riucorb,696,356,340
25,Lleida,903,Guingueta d'Àneu (La),313,161,152
25,Lleida,904,Castell de Mur,149,78,71
25,Lleida,905,Ribera d'Ondara,516,269,247
25,Lleida,906,Valls d'Aguilar (Les),296,161,135
25,Lleida,907,Torrefeta i Florejacs,658,332,326
25,Lleida,908,Fígols i Alinyà,296,162,134
25,Lleida,909,Vansa i Fórnols (La),170,87,83
25,Lleida,910,Josa i Tuixén,169,90,79
25,Lleida,911,Plans de Sió (Els),595,308,287
25,Lleida,912,Gimenells i el Pla de la Font,1124,587,537
25,Lleida,913,Riu de Cerdanya,81,39,42
26,Rioja (La),1,Ábalos,276,157,119
26,Rioja (La),2,Agoncillo,875,458,417
26,Rioja (La),3,Aguilar del Río Alhama,687,351,336
26,Rioja (La),4,Ajamil,61,39,22
26,Rioja (La),5,Albelda de Iregua,2299,1166,1133
26,Rioja (La),6,Alberite,2012,1006,1006
26,Rioja (La),7,Alcanadre,793,409,384
26,Rioja (La),8,Aldeanueva de Ebro,2491,1294,1197
26,Rioja (La),9,Alesanco,480,245,235
26,Rioja (La),10,Alesón,142,71,71
26,Rioja (La),11,Alfaro,9083,4566,4517
26,Rioja (La),12,Almarza de Cameros,39,24,15
26,Rioja (La),13,Anguciana,45,29,16
26,Rioja (La),14,Anguiano,585,322,263
26,Rioja (La),15,Arenzana de Abajo,308,160,148
26,Rioja (La),16,Arenzana de Arriba,39,21,18
26,Rioja (La),17,Arnedillo,439,212,227
26,Rioja (La),18,Arnedo,12855,6399,6456
26,Rioja (La),19,Arrúbal,434,225,209
26,Rioja (La),20,Ausejo,700,381,319
26,Rioja (La),21,Autol,1959,1005,954
26,Rioja (La),22,Azofra,344,186,158
26,Rioja (La),23,Badarán,729,391,338
26,Rioja (La),24,Bañares,390,198,192
26,Rioja (La),25,Baños de Rioja,110,64,46
26,Rioja (La),26,Baños de Río Tobía,1758,904,854
26,Rioja (La),27,Berceo,222,136,86
26,Rioja (La),28,Bergasa,137,75,62
26,Rioja (La),29,Bergasillas Bajera,30,17,13
26,Rioja (La),30,Bezares,31,19,12
26,Rioja (La),31,Bobadilla,162,93,69
26,Rioja (La),32,Brieva de Cameros,70,41,29
26,Rioja (La),33,Briñas,206,105,101
26,Rioja (La),34,Briones,818,432,386
26,Rioja (La),35,Cabezón de Cameros,30,21,9
26,Rioja (La),36,Calahorra,18924,9172,9752
26,Rioja (La),37,Camprovín,216,115,101
26,Rioja (La),38,Canales de la Sierra,83,44,39
26,Rioja (La),39,Canillas de Río Tuerto,67,32,35
26,Rioja (La),40,Cañas,111,51,60
26,Rioja (La),41,Cárdenas,241,117,124
26,Rioja (La),42,Casalarreina,901,452,449
26,Rioja (La),43,Castañares de Rioja,459,230,229
26,Rioja (La),44,Castroviejo,61,31,30
26,Rioja (La),45,Cellorigo,21,11,10
26,Rioja (La),46,Cenicero,2055,1037,1018
26,Rioja (La),47,Cervera del Río Alhama,2960,1528,1432
26,Rioja (La),48,Cidamón,46,24,22
26,Rioja (La),49,Cihuri,153,80,73
26,Rioja (La),50,Cirueña,122,71,51
26,Rioja (La),51,Clavijo,190,100,90
26,Rioja (La),52,Cordovín,213,109,104
26,Rioja (La),53,Corera,250,120,130
26,Rioja (La),54,Cornago,567,307,260
26,Rioja (La),55,Corporales,62,31,31
26,Rioja (La),56,Cuzcurrita de Río Tirón,470,254,216
26,Rioja (La),57,Daroca de Rioja,53,32,21
26,Rioja (La),58,Enciso,169,104,65
26,Rioja (La),59,Entrena,1130,588,542
26,Rioja (La),60,Estollo,144,80,64
26,Rioja (La),61,Ezcaray,1861,995,866
26,Rioja (La),62,Foncea,123,65,58
26,Rioja (La),63,Fonzaleche,168,100,68
26,Rioja (La),64,Fuenmayor,2301,1166,1135
26,Rioja (La),65,Galbárruli,71,41,30
26,Rioja (La),66,Galilea,278,142,136
26,Rioja (La),67,Gallinero de Cameros,27,18,9
26,Rioja (La),68,Gimileo,91,42,49
26,Rioja (La),69,Grañón,412,215,197
26,Rioja (La),70,Grávalos,273,138,135
26,Rioja (La),71,Haro,9245,4556,4689
26,Rioja (La),72,Herce,352,182,170
26,Rioja (La),73,Herramélluri,162,86,76
26,Rioja (La),74,Hervías,180,93,87
26,Rioja (La),75,Hormilla,465,240,225
26,Rioja (La),76,Hormilleja,174,87,87
26,Rioja (La),77,Hornillos de Cameros,22,11,11
26,Rioja (La),78,Hornos de Moncalvillo,95,44,51
26,Rioja (La),79,Huércanos,889,459,430
26,Rioja (La),80,Igea,766,415,351
26,Rioja (La),81,Jalón de Cameros,47,27,20
26,Rioja (La),82,Laguna de Cameros,176,98,78
26,Rioja (La),83,Lagunilla del Jubera,332,178,154
26,Rioja (La),84,Lardero,3183,1592,1591
26,Rioja (La),86,Ledesma de la Cogolla,21,15,6
26,Rioja (La),87,Leiva,291,143,148
26,Rioja (La),88,Leza de Río Leza,28,19,9
26,Rioja (La),89,Logroño,128493,61723,66770
26,Rioja (La),91,Lumbreras,156,95,61
26,Rioja (La),92,Manjarrés,142,81,61
26,Rioja (La),93,Mansilla de la Sierra,49,33,16
26,Rioja (La),94,Manzanares de Rioja,116,64,52
26,Rioja (La),95,Matute,23,11,12
26,Rioja (La),96,Medrano,211,112,99
26,Rioja (La),98,Munilla,120,62,58
26,Rioja (La),99,Murillo de Río Leza,1461,741,720
26,Rioja (La),100,Muro de Aguas,70,41,29
26,Rioja (La),101,Muro en Cameros,40,26,14
26,Rioja (La),102,Nájera,7076,3542,3534
26,Rioja (La),103,Nalda,813,427,386
26,Rioja (La),104,Navajún,18,12,6
26,Rioja (La),105,Navarrete,2087,1077,1010
26,Rioja (La),106,Nestares,73,39,34
26,Rioja (La),107,Nieva de Cameros,114,59,55
26,Rioja (La),108,Ocón,328,196,132
26,Rioja (La),109,Ochánduri,100,50,50
26,Rioja (La),110,Ojacastro,249,148,101
26,Rioja (La),111,Ollauri,306,169,137
26,Rioja (La),112,Ortigosa de Cameros,316,168,148
26,Rioja (La),113,Pazuengos,46,28,18
26,Rioja (La),114,Pedroso,108,62,46
26,Rioja (La),115,Pinillos,31,17,14
26,Rioja (La),117,Pradejón,3019,1589,1430
26,Rioja (La),118,Pradillo,79,42,37
26,Rioja (La),119,Préjano,214,104,110
26,Rioja (La),120,Quel,1888,991,897
26,Rioja (La),121,Rabanera,38,27,11
26,Rioja (La),122,Rasillo de Cameros (El),111,61,50
26,Rioja (La),123,Redal (El),200,102,98
26,Rioja (La),124,Ribafrecha,967,528,439
26,Rioja (La),125,Rincón de Soto,2474,1322,1152
26,Rioja (La),126,Robres del Castillo,16,10,6
26,Rioja (La),127,Rodezno,318,172,146
26,Rioja (La),128,Sajazarra,139,71,68
26,Rioja (La),129,San Asensio,1195,619,576
26,Rioja (La),130,San Millán de la Cogolla,264,162,102
26,Rioja (La),131,San Millán de Yécora,51,31,20
26,Rioja (La),132,San Román de Cameros,162,89,73
26,Rioja (La),134,Santa Coloma,142,88,54
26,Rioja (La),135,Santa Engracia del Jubera,201,117,84
26,Rioja (La),136,Santa Eulalia Bajera,119,68,51
26,Rioja (La),138,Santo Domingo de la Calzada,5724,2878,2846
26,Rioja (La),139,San Torcuato,97,55,42
26,Rioja (La),140,Santurde de Rioja,290,145,145
26,Rioja (La),141,Santurdejo,184,102,82
26,Rioja (La),142,San Vicente de la Sonsierra,1104,571,533
26,Rioja (La),143,Sojuela,81,47,34
26,Rioja (La),144,Sorzano,218,112,106
26,Rioja (La),145,Sotés,217,128,89
26,Rioja (La),146,Soto en Cameros,165,90,75
26,Rioja (La),147,Terroba,32,17,15
26,Rioja (La),148,Tirgo,267,136,131
26,Rioja (La),149,Tobía,40,21,19
26,Rioja (La),150,Tormantos,213,114,99
26,Rioja (La),151,Torrecilla en Cameros,555,297,258
26,Rioja (La),152,Torrecilla sobre Alesanco,78,39,39
26,Rioja (La),153,Torre en Cameros,14,11,3
26,Rioja (La),154,Torremontalbo,16,10,6
26,Rioja (La),155,Treviana,251,132,119
26,Rioja (La),157,Tricio,338,161,177
26,Rioja (La),158,Tudelilla,422,211,211
26,Rioja (La),160,Uruñuela,738,380,358
26,Rioja (La),161,Valdemadera,13,9,4
26,Rioja (La),162,Valgañón,157,85,72
26,Rioja (La),163,Ventosa,131,70,61
26,Rioja (La),164,Ventrosa,87,38,49
26,Rioja (La),165,Viguera,357,207,150
26,Rioja (La),166,Villalba de Rioja,148,87,61
26,Rioja (La),167,Villalobar de Rioja,123,74,49
26,Rioja (La),168,Villamediana de Iregua,2260,1181,1079
26,Rioja (La),169,Villanueva de Cameros,122,64,58
26,Rioja (La),170,Villar de Arnedo (El),632,304,328
26,Rioja (La),171,Villar de Torre,306,160,146
26,Rioja (La),172,Villarejo,50,31,19
26,Rioja (La),173,Villarroya,9,4,5
26,Rioja (La),174,Villarta-Quintana,212,106,106
26,Rioja (La),175,Villavelayo,73,42,31
26,Rioja (La),176,Villaverde de Rioja,95,55,40
26,Rioja (La),177,Villoslada de Cameros,388,230,158
26,Rioja (La),178,Viniegra de Abajo,121,64,57
26,Rioja (La),179,Viniegra de Arriba,55,34,21
26,Rioja (La),180,Zarratón,258,133,125
26,Rioja (La),181,Zarzosa,12,9,3
26,Rioja (La),183,Zorraquín,42,27,15
27,Lugo,1,Abadín,3516,1668,1848
27,Lugo,2,Alfoz,2462,1191,1271
27,Lugo,3,Antas de Ulla,2769,1327,1442
27,Lugo,4,Baleira,1923,993,930
27,Lugo,5,Barreiros,3446,1662,1784
27,Lugo,6,Becerreá,3732,1883,1849
27,Lugo,7,Begonte,3818,1896,1922
27,Lugo,8,Bóveda,2048,985,1063
27,Lugo,9,Carballedo,3238,1611,1627
27,Lugo,10,Castro de Rei,5961,2972,2989
27,Lugo,11,Castroverde,3532,1811,1721
27,Lugo,12,Cervantes,2243,1222,1021
27,Lugo,13,Cervo,5082,2543,2539
27,Lugo,14,Corgo (O),4266,2151,2115
27,Lugo,15,Cospeito,5931,2916,3015
27,Lugo,16,Chantada,9823,4829,4994
27,Lugo,17,Folgoso do Courel,1593,808,785
27,Lugo,18,Fonsagrada (A),5448,2858,2590
27,Lugo,19,Foz,9558,4545,5013
27,Lugo,20,Friol,4837,2405,2432
27,Lugo,21,Xermade,2728,1329,1399
27,Lugo,22,Guitiriz,6358,3137,3221
27,Lugo,23,Guntín,3554,1776,1778
27,Lugo,24,Incio (O),2540,1240,1300
27,Lugo,25,Xove,3629,1807,1822
27,Lugo,26,Láncara,3331,1715,1616
27,Lugo,27,Lourenzá,2849,1376,1473
27,Lugo,28,Lugo,88235,41415,46820
27,Lugo,29,Meira,1852,900,952
27,Lugo,30,Mondoñedo,5135,2379,2756
27,Lugo,31,Monforte de Lemos,19712,9390,10322
27,Lugo,32,Monterroso,4267,2114,2153
27,Lugo,33,Muras,1151,569,582
27,Lugo,34,Navia de Suarna,1974,1053,921
27,Lugo,35,Negueira de Muñiz,261,137,124
27,Lugo,37,Nogais (As),1596,816,780
27,Lugo,38,Ourol,1577,770,807
27,Lugo,39,Outeiro de Rei,4256,2147,2109
27,Lugo,40,Palas de Rei,4330,2116,2214
27,Lugo,41,Pantón,3540,1673,1867
27,Lugo,42,Paradela,2655,1316,1339
27,Lugo,43,Páramo (O),1938,989,949
27,Lugo,44,Pastoriza (A),4106,2046,2060
27,Lugo,45,Pedrafita do Cebreiro,1630,872,758
27,Lugo,46,Pol,2177,1066,1111
27,Lugo,47,Pobra do Brollón (A),2648,1285,1363
27,Lugo,48,Pontenova (A),3389,1658,1731
27,Lugo,49,Portomarín,2099,1021,1078
27,Lugo,50,Quiroga,4342,2094,2248
27,Lugo,51,Ribadeo,9034,4231,4803
27,Lugo,52,Ribas de Sil,1463,696,767
27,Lugo,53,Ribeira de Piquín,886,434,452
27,Lugo,54,Riotorto,1920,948,972
27,Lugo,55,Samos,2157,1122,1035
27,Lugo,56,Rábade,1607,801,806
27,Lugo,57,Sarria,13018,6353,6665
27,Lugo,58,Saviñao (O),5104,2474,2630
27,Lugo,59,Sober,3112,1503,1609
27,Lugo,60,Taboada,4227,2038,2189
27,Lugo,61,Trabada,1686,818,868
27,Lugo,62,Triacastela,939,458,481
27,Lugo,63,Valadouro (O),2445,1219,1226
27,Lugo,64,Vicedo (O),2392,1178,1214
27,Lugo,65,Vilalba,15699,7682,8017
27,Lugo,66,Viveiro,15456,7468,7988
27,Lugo,901,Baralla,3344,1717,1627
27,Lugo,902,Burela,8045,3972,4073
28,Madrid,1,Acebeda (La),57,31,26
28,Madrid,2,Ajalvir,2205,1154,1051
28,Madrid,3,Alameda del Valle,198,111,87
28,Madrid,4,Álamo (El),4676,2656,2020
28,Madrid,5,Alcalá de Henares,166397,82753,83644
28,Madrid,6,Alcobendas,89612,44103,45509
28,Madrid,7,Alcorcón,144636,71408,73228
28,Madrid,8,Aldea del Fresno,1449,755,694
28,Madrid,9,Algete,14731,7467,7264
28,Madrid,10,Alpedrete,7286,3682,3604
28,Madrid,11,Ambite,307,155,152
28,Madrid,12,Anchuelo,579,317,262
28,Madrid,13,Aranjuez,39652,19159,20493
28,Madrid,14,Arganda del Rey,30662,15225,15437
28,Madrid,15,Arroyomolinos,3824,1965,1859
28,Madrid,16,Atazar (El),87,47,40
28,Madrid,17,Batres,844,435,409
28,Madrid,18,Becerril de la Sierra,3246,1683,1563
28,Madrid,19,Belmonte de Tajo,1158,589,569
28,Madrid,20,Berzosa del Lozoya,118,59,59
28,Madrid,21,Berrueco (El),315,173,142
28,Madrid,22,Boadilla del Monte,20686,10432,10254
28,Madrid,23,Boalo (El),3092,1588,1504
28,Madrid,24,Braojos,160,90,70
28,Madrid,25,Brea de Tajo,458,233,225
28,Madrid,26,Brunete,5080,2506,2574
28,Madrid,27,Buitrago del Lozoya,1471,723,748
28,Madrid,28,Bustarviejo,1442,741,701
28,Madrid,29,Cabanillas de la Sierra,453,240,213
28,Madrid,30,Cabrera (La),1689,843,846
28,Madrid,31,Cadalso de los Vidrios,2248,1148,1100
28,Madrid,32,Camarma de Esteruelas,2391,1212,1179
28,Madrid,33,Campo Real,2735,1383,1352
28,Madrid,34,Canencia,441,229,212
28,Madrid,35,Carabaña,1118,556,562
28,Madrid,36,Casarrubuelos,731,393,338
28,Madrid,37,Cenicientos,1864,915,949
28,Madrid,38,Cercedilla,5644,2818,2826
28,Madrid,39,Cervera de Buitrago,85,51,34
28,Madrid,40,Ciempozuelos,13564,6899,6665
28,Madrid,41,Cobeña,2791,1417,1374
28,Madrid,42,Colmenar del Arroyo,872,419,453
28,Madrid,43,Colmenar de Oreja,5412,2647,2765
28,Madrid,44,Colmenarejo,4395,2199,2196
28,Madrid,45,Colmenar Viejo,32459,16111,16348
28,Madrid,46,Collado Mediano,4529,2292,2237
28,Madrid,47,Collado Villalba,42238,21075,21163
28,Madrid,48,Corpa,354,179,175
28,Madrid,49,Coslada,77057,38285,38772
28,Madrid,50,Cubas de la Sagra,1689,825,864
28,Madrid,51,Chapinería,1360,691,669
28,Madrid,52,Chinchón,4168,2094,2074
28,Madrid,53,Daganzo de Arriba,3830,1939,1891
28,Madrid,54,Escorial (El),10549,5245,5304
28,Madrid,55,Estremera,1028,516,512
28,Madrid,56,Fresnedillas de la Oliva,769,395,374
28,Madrid,57,Fresno de Torote,643,365,278
28,Madrid,58,Fuenlabrada,173788,87695,86093
28,Madrid,59,Fuente el Saz de Jarama,4004,2080,1924
28,Madrid,60,Fuentidueña de Tajo,1446,701,745
28,Madrid,61,Galapagar,21807,11002,10805
28,Madrid,62,Garganta de los Montes,325,173,152
28,Madrid,63,Gargantilla del Lozoya,227,138,89
28,Madrid,64,Gascones,107,55,52
28,Madrid,65,Getafe,146310,72629,73681
28,Madrid,66,Griñón,4488,2293,2195
28,Madrid,67,Guadalix de la Sierra,3100,1605,1495
28,Madrid,68,Guadarrama,9389,4627,4762
28,Madrid,69,Hiruela (La),74,35,39
28,Madrid,70,Horcajo de la Sierra,144,77,67
28,Madrid,71,Horcajuelo de la Sierra,103,45,58
28,Madrid,72,Hoyo de Manzanares,5667,2894,2773
28,Madrid,73,Humanes de Madrid,9424,4834,4590
28,Madrid,74,Leganés,172049,85530,86519
28,Madrid,75,Loeches,2985,1463,1522
28,Madrid,76,Lozoya,434,222,212
28,Madrid,78,Madarcos,21,11,10
28,Madrid,79,Madrid,2882860,1345601,1537259
28,Madrid,80,Majadahonda,45819,22178,23641
28,Madrid,82,Manzanares el Real,3842,2015,1827
28,Madrid,83,Meco,6328,3251,3077
28,Madrid,84,Mejorada del Campo,15771,7914,7857
28,Madrid,85,Miraflores de la Sierra,3678,1848,1830
28,Madrid,86,Molar (El),3695,1954,1741
28,Madrid,87,Molinos (Los),3322,1602,1720
28,Madrid,88,Montejo de la Sierra,313,155,158
28,Madrid,89,Moraleja de Enmedio,3056,1538,1518
28,Madrid,90,Moralzarzal,5379,2737,2642
28,Madrid,91,Morata de Tajuña,5383,2659,2724
28,Madrid,92,Móstoles,196289,97383,98906
28,Madrid,93,Navacerrada,1880,944,936
28,Madrid,94,Navalafuente,541,292,249
28,Madrid,95,Navalagamella,1128,562,566
28,Madrid,96,Navalcarnero,13522,6839,6683
28,Madrid,97,Navarredonda y San Mamés,108,61,47
28,Madrid,99,Navas del Rey,1655,871,784
28,Madrid,100,Nuevo Baztán,3380,1744,1636
28,Madrid,101,Olmeda de las Fuentes,152,81,71
28,Madrid,102,Orusco de Tajuña,647,337,310
28,Madrid,104,Paracuellos de Jarama,5889,3013,2876
28,Madrid,106,Parla,74203,37208,36995
28,Madrid,107,Patones,352,182,170
28,Madrid,108,Pedrezuela,1425,753,672
28,Madrid,109,Pelayos de la Presa,1328,653,675
28,Madrid,110,Perales de Tajuña,2072,1014,1058
28,Madrid,111,Pezuela de las Torres,487,261,226
28,Madrid,112,Pinilla del Valle,156,86,70
28,Madrid,113,Pinto,28726,14404,14322
28,Madrid,114,Piñuécar-Gandullas,145,68,77
28,Madrid,115,Pozuelo de Alarcón,66298,32374,33924
28,Madrid,116,Pozuelo del Rey,188,101,87
28,Madrid,117,Prádena del Rincón,95,53,42
28,Madrid,118,Puebla de la Sierra,71,40,31
28,Madrid,119,Quijorna,1078,583,495
28,Madrid,120,Rascafría,1615,849,766
28,Madrid,121,Redueña,179,89,90
28,Madrid,122,Ribatejada,381,207,174
28,Madrid,123,Rivas-Vaciamadrid,29092,14582,14510
28,Madrid,124,Robledillo de la Jara,91,41,50
28,Madrid,125,Robledo de Chavela,2327,1162,1165
28,Madrid,126,Robregordo,89,45,44
28,Madrid,127,Rozas de Madrid (Las),54676,26776,27900
28,Madrid,128,Rozas de Puerto Real,283,151,132
28,Madrid,129,San Agustín de Guadalix,5859,2936,2923
28,Madrid,130,San Fernando de Henares,32364,16238,16126
28,Madrid,131,San Lorenzo de El Escorial,11783,5701,6082
28,Madrid,132,San Martín de la Vega,10630,5421,5209
28,Madrid,133,San Martín de Valdeiglesias,6089,3007,3082
28,Madrid,134,San Sebastián de los Reyes,58389,29121,29268
28,Madrid,135,Santa María de la Alameda,710,384,326
28,Madrid,136,Santorcaz,561,296,265
28,Madrid,137,Santos de la Humosa (Los),906,462,444
28,Madrid,138,Serna del Monte (La),114,57,57
28,Madrid,140,Serranillos del Valle,923,485,438
28,Madrid,141,Sevilla la Nueva,3632,1898,1734
28,Madrid,143,Somosierra,93,52,41
28,Madrid,144,Soto del Real,5347,2718,2629
28,Madrid,145,Talamanca de Jarama,1444,711,733
28,Madrid,146,Tielmes,1922,989,933
28,Madrid,147,Titulcia,940,475,465
28,Madrid,148,Torrejón de Ardoz,94161,44861,49300
28,Madrid,149,Torrejón de la Calzada,4208,2106,2102
28,Madrid,150,Torrejón de Velasco,1908,1008,900
28,Madrid,151,Torrelaguna,2768,1353,1415
28,Madrid,152,Torrelodones,13467,6616,6851
28,Madrid,153,Torremocha de Jarama,342,182,160
28,Madrid,154,Torres de la Alameda,4356,2203,2153
28,Madrid,155,Valdaracete,617,300,317
28,Madrid,156,Valdeavero,597,320,277
28,Madrid,157,Valdelaguna,560,296,264
28,Madrid,158,Valdemanco,533,283,250
28,Madrid,159,Valdemaqueda,570,287,283
28,Madrid,160,Valdemorillo,5824,3002,2822
28,Madrid,161,Valdemoro,28243,14160,14083
28,Madrid,162,Valdeolmos-Alalpardo,1775,934,841
28,Madrid,163,Valdepiélagos,305,157,148
28,Madrid,164,Valdetorres de Jarama,2001,1034,967
28,Madrid,165,Valdilecha,1860,953,907
28,Madrid,166,Valverde de Alcalá,302,153,149
28,Madrid,167,Velilla de San Antonio,6767,3473,3294
28,Madrid,168,Vellón (El),1129,579,550
28,Madrid,169,Venturada,819,432,387
28,Madrid,170,Villaconejos,2870,1457,1413
28,Madrid,171,Villa del Prado,3932,2009,1923
28,Madrid,172,Villalbilla,4156,2188,1968
28,Madrid,173,Villamanrique de Tajo,593,297,296
28,Madrid,174,Villamanta,1571,808,763
28,Madrid,175,Villamantilla,334,175,159
28,Madrid,176,Villanueva de la Cañada,10706,5315,5391
28,Madrid,177,Villanueva del Pardillo,4733,2396,2337
28,Madrid,178,Villanueva de Perales,467,258,209
28,Madrid,179,Villar del Olmo,1427,726,701
28,Madrid,180,Villarejo de Salvanés,5650,2820,2830
28,Madrid,181,Villaviciosa de Odón,19393,9616,9777
28,Madrid,182,Villavieja del Lozoya,178,86,92
28,Madrid,183,Zarzalejo,1046,533,513
28,Madrid,901,Lozoyuela-Navas-Sieteiglesias,654,353,301
28,Madrid,902,Puentes Viejas,414,227,187
28,Madrid,903,Tres Cantos,35046,17387,17659
29,Málaga,1,Alameda,5002,2484,2518
29,Málaga,2,Alcaucín,1511,758,753
29,Málaga,3,Alfarnate,1443,741,702
29,Málaga,4,Alfarnatejo,399,213,186
29,Málaga,5,Algarrobo,4852,2402,2450
29,Málaga,6,Algatocín,949,478,471
29,Málaga,7,Alhaurín de la Torre,21649,10796,10853
29,Málaga,8,Alhaurín el Grande,17021,8509,8512
29,Málaga,9,Almáchar,1904,970,934
29,Málaga,10,Almargen,2104,1012,1092
29,Málaga,11,Almogía,4072,2057,2015
29,Málaga,12,Álora,12509,6263,6246
29,Málaga,13,Alozaina,2145,1119,1026
29,Málaga,14,Alpandeire,316,160,156
29,Málaga,15,Antequera,40598,19867,20731
29,Málaga,16,Árchez,352,176,176
29,Málaga,17,Archidona,8171,4046,4125
29,Málaga,18,Ardales,2903,1425,1478
29,Málaga,19,Arenas,1191,643,548
29,Málaga,20,Arriate,3420,1651,1769
29,Málaga,21,Atajate,164,88,76
29,Málaga,22,Benadalid,262,137,125
29,Málaga,23,Benahavís,2079,1040,1039
29,Málaga,24,Benalauría,499,258,241
29,Málaga,25,Benalmádena,31964,15709,16255
29,Málaga,26,Benamargosa,1551,785,766
29,Málaga,27,Benamocarra,2811,1405,1406
29,Málaga,28,Benaoján,1648,819,829
29,Málaga,29,Benarrabá,630,333,297
29,Málaga,30,Borge (El),1021,520,501
29,Málaga,31,Burgo (El),1982,1009,973
29,Málaga,32,Campillos,7657,3836,3821
29,Málaga,33,Canillas de Aceituno,2213,1112,1101
29,Málaga,34,Canillas de Albaida,701,372,329
29,Málaga,35,Cañete la Real,2200,1131,1069
29,Málaga,36,Carratraca,838,413,425
29,Málaga,37,Cartajima,214,112,102
29,Málaga,38,Cártama,13188,6650,6538
29,Málaga,39,Casabermeja,3003,1570,1433
29,Málaga,40,Casarabonela,2553,1291,1262
29,Málaga,41,Casares,3309,1728,1581
29,Málaga,42,Coín,17868,8893,8975
29,Málaga,43,Colmenar,3124,1523,1601
29,Málaga,44,Comares,1399,721,678
29,Málaga,45,Cómpeta,2793,1408,1385
29,Málaga,46,Cortes de la Frontera,3513,1760,1753
29,Málaga,47,Cuevas Bajas,1473,710,763
29,Málaga,48,Cuevas del Becerro,1960,984,976
29,Málaga,49,Cuevas de San Marcos,4008,1975,2033
29,Málaga,50,Cútar,603,304,299
29,Málaga,51,Estepona,42157,20898,21259
29,Málaga,52,Faraján,288,131,157
29,Málaga,53,Frigiliana,2169,1067,1102
29,Málaga,54,Fuengirola,47914,23444,24470
29,Málaga,55,Fuente de Piedra,1913,923,990
29,Málaga,56,Gaucín,1705,888,817
29,Málaga,57,Genalguacil,575,297,278
29,Málaga,58,Guaro,1877,948,929
29,Málaga,59,Humilladero,2469,1253,1216
29,Málaga,60,Igualeja,922,462,460
29,Málaga,61,Istán,1348,674,674
29,Málaga,62,Iznate,757,385,372
29,Málaga,63,Jimera de Líbar,401,193,208
29,Málaga,64,Jubrique,843,418,425
29,Málaga,65,Júzcar,242,134,108
29,Málaga,66,Macharaviaya,353,191,162
29,Málaga,67,Málaga,531565,252570,278995
29,Málaga,68,Manilva,5768,2936,2832
29,Málaga,69,Marbella,105910,52263,53647
29,Málaga,70,Mijas,41912,20973,20939
29,Málaga,71,Moclinejo,1116,567,549
29,Málaga,72,Mollina,3416,1663,1753
29,Málaga,73,Monda,1685,838,847
29,Málaga,74,Montejaque,1008,487,521
29,Málaga,75,Nerja,16112,7936,8176
29,Málaga,76,Ojén,2048,1078,970
29,Málaga,77,Parauta,225,117,108
29,Málaga,79,Periana,3387,1752,1635
29,Málaga,80,Pizarra,6608,3215,3393
29,Málaga,81,Pujerra,304,170,134
29,Málaga,82,Rincón de la Victoria,23029,11568,11461
29,Málaga,83,Riogordo,2692,1366,1326
29,Málaga,84,Ronda,34021,16673,17348
29,Málaga,85,Salares,208,102,106
29,Málaga,86,Sayalonga,1177,609,568
29,Málaga,87,Sedella,490,262,228
29,Málaga,88,Sierra de Yeguas,3221,1590,1631
29,Málaga,89,Teba,4383,2239,2144
29,Málaga,90,Tolox,2390,1235,1155
29,Málaga,91,Torrox,12094,5991,6103
29,Málaga,92,Totalán,616,311,305
29,Málaga,93,Valle de Abdalajís,3007,1471,1536
29,Málaga,94,Vélez-Málaga,55156,27340,27816
29,Málaga,95,Villanueva de Algaidas,4183,2068,2115
29,Málaga,96,Villanueva del Rosario,3318,1626,1692
29,Málaga,97,Villanueva del Trabuco,4760,2413,2347
29,Málaga,98,Villanueva de Tapia,1621,833,788
29,Málaga,99,Viñuela,1200,597,603
29,Málaga,100,Yunquera,3268,1700,1568
29,Málaga,901,Torremolinos,41281,20376,20905
30,Murcia,1,Abanilla,6106,3050,3056
30,Murcia,2,Abarán,12241,6111,6130
30,Murcia,3,Águilas,27559,13719,13840
30,Murcia,4,Albudeite,1369,690,679
30,Murcia,5,Alcantarilla,33453,16464,16989
30,Murcia,6,Aledo,997,505,492
30,Murcia,7,Alguazas,7052,3513,3539
30,Murcia,8,Alhama de Murcia,15856,7925,7931
30,Murcia,9,Archena,14516,7211,7305
30,Murcia,10,Beniel,8116,4063,4053
30,Murcia,11,Blanca,5749,2871,2878
30,Murcia,12,Bullas,10753,5389,5364
30,Murcia,13,Calasparra,8888,4440,4448
30,Murcia,14,Campos del Río,2035,994,1041
30,Murcia,15,Caravaca de la Cruz,22250,11034,11216
30,Murcia,16,Cartagena,179939,89098,90841
30,Murcia,17,Cehegín,14171,7089,7082
30,Murcia,18,Ceutí,7305,3703,3602
30,Murcia,19,Cieza,32126,15752,16374
30,Murcia,20,Fortuna,6814,3475,3339
30,Murcia,21,Fuente Álamo de Murcia,10140,5201,4939
30,Murcia,22,Jumilla,20854,10426,10428
30,Murcia,23,Librilla,3908,1924,1984
30,Murcia,24,Lorca,72000,35821,36179
30,Murcia,25,Lorquí,5562,2772,2790
30,Murcia,26,Mazarrón,18847,9840,9007
30,Murcia,27,Molina de Segura,44389,22104,22285
30,Murcia,28,Moratalla,8460,4275,4185
30,Murcia,29,Mula,13738,6819,6919
30,Murcia,30,Murcia,357166,174017,183149
30,Murcia,31,Ojós,593,300,293
30,Murcia,32,Pliego,3409,1746,1663
30,Murcia,33,Puerto Lumbreras,10859,5338,5521
30,Murcia,34,Ricote,1582,771,811
30,Murcia,35,San Javier,18925,9550,9375
30,Murcia,36,San Pedro del Pinatar,15583,7685,7898
30,Murcia,37,Torre-Pacheco,22719,12499,10220
30,Murcia,38,Torres de Cotillas (Las),16003,8076,7927
30,Murcia,39,Totana,22359,11314,11045
30,Murcia,40,Ulea,959,483,476
30,Murcia,41,Unión (La),14606,7298,7308
30,Murcia,42,Villanueva del Río Segura,1568,755,813
30,Murcia,43,Yecla,29319,14742,14577
30,Murcia,901,Santomera,10972,5490,5482
30,Murcia,902,Alcázares (Los),7513,3783,3730
31,Navarra,1,Abáigar,97,53,44
31,Navarra,2,Abárzuza,514,258,256
31,Navarra,3,Abaurregaina/Abaurrea Alta,167,100,67
31,Navarra,4,Abaurrepea/Abaurrea Baja,47,33,14
31,Navarra,5,Aberin,362,191,171
31,Navarra,6,Ablitas,2330,1197,1133
31,Navarra,7,Adiós,143,73,70
31,Navarra,8,Aguilar de Codés,105,60,45
31,Navarra,9,Aibar/Oibar,918,479,439
31,Navarra,10,Altsasu/Alsasua,7124,3614,3510
31,Navarra,11,Allín,824,429,395
31,Navarra,12,Allo,1039,526,513
31,Navarra,13,Améscoa Baja,796,415,381
31,Navarra,14,Ancín,301,160,141
31,Navarra,15,Andosilla,2423,1208,1215
31,Navarra,16,Ansoáin,7133,3614,3519
31,Navarra,17,Anue,419,245,174
31,Navarra,18,Añorbe,445,239,206
31,Navarra,19,Aoiz/Agoitz,1842,916,926
31,Navarra,20,Araitz,611,357,254
31,Navarra,21,Aranarache,95,47,48
31,Navarra,22,Arantza,655,367,288
31,Navarra,23,Aranguren,3746,1948,1798
31,Navarra,24,Arano,151,82,69
31,Navarra,25,Arakil,888,475,413
31,Navarra,26,Aras,229,124,105
31,Navarra,27,Arbizu,932,490,442
31,Navarra,28,Arce/Artzi,305,172,133
31,Navarra,29,Arcos (Los),1315,654,661
31,Navarra,30,Arellano,196,105,91
31,Navarra,31,Areso,293,151,142
31,Navarra,32,Arguedas,2265,1145,1120
31,Navarra,33,Aria,68,41,27
31,Navarra,34,Aribe,60,31,29
31,Navarra,35,Armañanzas,91,48,43
31,Navarra,36,Arróniz,1172,620,552
31,Navarra,37,Arruazu,100,53,47
31,Navarra,38,Artajona,1679,891,788
31,Navarra,39,Artazu,79,44,35
31,Navarra,40,Atez,207,124,83
31,Navarra,41,Ayegui,1002,520,482
31,Navarra,42,Azagra,3530,1768,1762
31,Navarra,43,Azuelo,55,25,30
31,Navarra,44,Bakaiku,360,201,159
31,Navarra,45,Barásoain,443,224,219
31,Navarra,46,Barbarin,98,44,54
31,Navarra,47,Bargota,381,186,195
31,Navarra,48,Barillas,199,99,100
31,Navarra,49,Basaburua,676,387,289
31,Navarra,50,Baztan,7598,3874,3724
31,Navarra,51,Beire,307,152,155
31,Navarra,52,Belascoáin,103,50,53
31,Navarra,53,Berbinzana,720,357,363
31,Navarra,54,Bertizarana,657,337,320
31,Navarra,55,Betelu,348,186,162
31,Navarra,56,Biurrun-Olcoz,180,95,85
31,Navarra,57,Buñuel,2420,1194,1226
31,Navarra,58,Auritz/Burguete,336,145,191
31,Navarra,59,Burgui,236,133,103
31,Navarra,60,Burlada/Burlata,16887,8337,8550
31,Navarra,61,Busto (El),102,55,47
31,Navarra,62,Cabanillas,1503,783,720
31,Navarra,63,Cabredo,127,68,59
31,Navarra,64,Cadreita,1855,918,937
31,Navarra,65,Caparroso,2324,1136,1188
31,Navarra,66,Cárcar,1244,607,637
31,Navarra,67,Carcastillo,2620,1306,1314
31,Navarra,68,Cascante,3665,1825,1840
31,Navarra,69,Cáseda,1060,518,542
31,Navarra,70,Castejón,3143,1570,1573
31,Navarra,71,Castillonuevo,22,14,8
31,Navarra,72,Cintruénigo,5694,2841,2853
31,Navarra,73,Ziordia,368,165,203
31,Navarra,74,Cirauqui,454,254,200
31,Navarra,75,Ciriza,64,26,38
31,Navarra,76,Cizur,1308,662,646
31,Navarra,77,Corella,6820,3410,3410
31,Navarra,78,Cortes,3290,1698,1592
31,Navarra,79,Desojo,144,79,65
31,Navarra,80,Dicastillo,684,357,327
31,Navarra,81,Donamaria,387,192,195
31,Navarra,82,Etxalar,789,412,377
31,Navarra,83,Echarri,51,29,22
31,Navarra,84,Etxarri-Aranatz,2234,1144,1090
31,Navarra,85,Etxauri,414,215,199
31,Navarra,86,Egüés,2348,1200,1148
31,Navarra,87,Elgorriaga,206,101,105
31,Navarra,88,Noáin (Valle de Elorz)/Noain (Elortzibar),3921,1972,1949
31,Navarra,89,Enériz,192,99,93
31,Navarra,90,Eratsun,180,112,68
31,Navarra,91,Ergoiena,466,260,206
31,Navarra,92,Erro,787,436,351
31,Navarra,93,Ezcároz,362,191,171
31,Navarra,94,Eslava,172,84,88
31,Navarra,95,Esparza de Salazar,115,60,55
31,Navarra,96,Espronceda,171,98,73
31,Navarra,97,Estella/Lizarra,12683,6132,6551
31,Navarra,98,Esteribar,1519,805,714
31,Navarra,99,Etayo,96,48,48
31,Navarra,100,Eulate,373,197,176
31,Navarra,101,Ezcabarte,1202,647,555
31,Navarra,102,Ezkurra,232,147,85
31,Navarra,103,Ezprogui,63,31,32
31,Navarra,104,Falces,2591,1267,1324
31,Navarra,105,Fitero,1960,980,980
31,Navarra,106,Fontellas,736,374,362
31,Navarra,107,Funes,2188,1138,1050
31,Navarra,108,Fustiñana,2304,1164,1140
31,Navarra,109,Galar,1154,608,546
31,Navarra,110,Gallipienzo,160,85,75
31,Navarra,111,Gallués,122,78,44
31,Navarra,112,Garaioa,130,70,60
31,Navarra,113,Garde,199,109,90
31,Navarra,114,Garínoain,356,190,166
31,Navarra,115,Garralda,209,105,104
31,Navarra,116,Genevilla,116,63,53
31,Navarra,117,Goizueta,903,479,424
31,Navarra,118,Goñi,188,111,77
31,Navarra,119,Güesa,74,41,33
31,Navarra,120,Guesálaz,480,280,200
31,Navarra,121,Guirguillano,72,40,32
31,Navarra,122,Huarte/Uharte,2862,1443,1419
31,Navarra,123,Uharte-Arakil,770,416,354
31,Navarra,124,Ibargoiti,237,135,102
31,Navarra,125,Igúzquiza,363,182,181
31,Navarra,126,Imotz,408,229,179
31,Navarra,127,Irañeta,160,84,76
31,Navarra,128,Isaba/Izaba,525,257,268
31,Navarra,129,Ituren,470,236,234
31,Navarra,130,Iturmendi,380,193,187
31,Navarra,131,Iza,728,382,346
31,Navarra,132,Izagaondoa,172,103,69
31,Navarra,133,Izalzu,48,29,19
31,Navarra,134,Jaurrieta,254,134,120
31,Navarra,135,Javier,119,51,68
31,Navarra,136,Juslapeña,469,263,206
31,Navarra,137,Beintza-Labaien,290,160,130
31,Navarra,138,Lakuntza,977,505,472
31,Navarra,139,Lana,215,123,92
31,Navarra,140,Lantz,123,77,46
31,Navarra,141,Lapoblación,195,108,87
31,Navarra,142,Larraga,1892,1014,878
31,Navarra,143,Larraona,156,81,75
31,Navarra,144,Larraun,1106,626,480
31,Navarra,145,Lazagurría,227,122,105
31,Navarra,146,Leache,49,30,19
31,Navarra,147,Legarda,80,46,34
31,Navarra,148,Legaria,120,61,59
31,Navarra,149,Leitza,2939,1538,1401
31,Navarra,150,Leoz,258,161,97
31,Navarra,151,Lerga,84,44,40
31,Navarra,152,Lerín,1916,960,956
31,Navarra,153,Lesaka,2681,1412,1269
31,Navarra,154,Lezáun,278,161,117
31,Navarra,155,Liédena,331,153,178
31,Navarra,156,Lizoáin,236,141,95
31,Navarra,157,Lodosa,4598,2337,2261
31,Navarra,158,Lónguida,296,156,140
31,Navarra,159,Lumbier,1434,764,670
31,Navarra,160,Luquin,127,69,58
31,Navarra,161,Mañeru,362,188,174
31,Navarra,162,Marañón,72,39,33
31,Navarra,163,Marcilla,2574,1339,1235
31,Navarra,164,Mélida,814,428,386
31,Navarra,165,Mendavia,3580,1781,1799
31,Navarra,166,Mendaza,367,177,190
31,Navarra,167,Mendigorría,899,462,437
31,Navarra,168,Metauten,300,161,139
31,Navarra,169,Milagro,2599,1276,1323
31,Navarra,170,Mirafuentes,52,28,24
31,Navarra,171,Miranda de Arga,997,510,487
31,Navarra,172,Monreal,289,155,134
31,Navarra,173,Monteagudo,1175,590,585
31,Navarra,174,Morentin,128,63,65
31,Navarra,175,Mues,104,56,48
31,Navarra,176,Murchante,3070,1514,1556
31,Navarra,177,Murieta,273,149,124
31,Navarra,178,Murillo el Cuende,649,350,299
31,Navarra,179,Murillo el Fruto,750,374,376
31,Navarra,180,Muruzábal,249,127,122
31,Navarra,181,Navascués,213,133,80
31,Navarra,182,Nazar,56,32,24
31,Navarra,183,Obanos,772,372,400
31,Navarra,184,Oco,85,50,35
31,Navarra,185,Ochagavía,681,351,330
31,Navarra,186,Odieta,318,175,143
31,Navarra,187,Oitz,144,88,56
31,Navarra,188,Olaibar,170,91,79
31,Navarra,189,Olazti/Olazagutía,1654,856,798
31,Navarra,190,Olejua,54,26,28
31,Navarra,191,Olite,3130,1566,1564
31,Navarra,192,Olóriz,175,100,75
31,Navarra,193,Olza,1371,711,660
31,Navarra,194,Ollo,318,181,137
31,Navarra,195,Orbaitzeta,236,131,105
31,Navarra,196,Orbara,58,29,29
31,Navarra,197,Orísoain,99,57,42
31,Navarra,198,Oronz,57,31,26
31,Navarra,199,Oroz-Betelu,221,119,102
31,Navarra,200,Oteiza,897,466,431
31,Navarra,201,Pamplona/Iruña,182666,87268,95398
31,Navarra,202,Peralta,5082,2574,2508
31,Navarra,203,Petilla de Aragón,43,22,21
31,Navarra,204,Piedramillera,67,39,28
31,Navarra,205,Pitillas,572,291,281
31,Navarra,206,Puente la Reina/Gares,2276,1131,1145
31,Navarra,207,Pueyo,310,163,147
31,Navarra,208,Ribaforada,3188,1632,1556
31,Navarra,209,Romanzado,168,99,69
31,Navarra,210,Roncal,354,172,182
31,Navarra,211,Orreaga/Roncesvalles,31,16,15
31,Navarra,212,Sada,239,127,112
31,Navarra,213,Saldías,151,83,68
31,Navarra,214,Salinas de Oro,114,63,51
31,Navarra,215,San Adrián,5330,2592,2738
31,Navarra,216,Sangüesa/Zangoza,4673,2406,2267
31,Navarra,217,San Martín de Unx,471,252,219
31,Navarra,219,Sansol,123,60,63
31,Navarra,220,Santacara,1050,536,514
31,Navarra,221,Doneztebe/Santesteban,1359,670,689
31,Navarra,222,Sarriés,77,46,31
31,Navarra,223,Sartaguda,1357,692,665
31,Navarra,224,Sesma,1364,655,709
31,Navarra,225,Sorlada,52,27,25
31,Navarra,226,Sunbilla,688,358,330
31,Navarra,227,Tafalla,10288,5071,5217
31,Navarra,228,Tiebas-Muruarte de Reta,574,308,266
31,Navarra,229,Tirapu,64,35,29
31,Navarra,230,Torralba del Río,155,84,71
31,Navarra,231,Torres del Río,182,85,97
31,Navarra,232,Tudela,27819,13549,14270
31,Navarra,233,Tulebras,108,36,72
31,Navarra,234,Ucar,116,67,49
31,Navarra,235,Ujué,238,124,114
31,Navarra,236,Ultzama,1614,816,798
31,Navarra,237,Unciti,228,141,87
31,Navarra,238,Unzué,138,82,56
31,Navarra,239,Urdazubi/Urdax,392,188,204
31,Navarra,240,Urdiain,639,327,312
31,Navarra,241,Urraul Alto,170,97,73
31,Navarra,242,Urraul Bajo,279,134,145
31,Navarra,243,Urroz,361,190,171
31,Navarra,244,Urrotz,208,119,89
31,Navarra,245,Urzainqui,109,57,52
31,Navarra,246,Uterga,138,67,71
31,Navarra,247,Uztárroz/Uztarroze,266,133,133
31,Navarra,248,Luzaide/Valcarlos,470,232,238
31,Navarra,249,Valtierra,2430,1177,1253
31,Navarra,250,Bera/Vera de Bidasoa,3490,1767,1723
31,Navarra,251,Viana,3493,1815,1678
31,Navarra,252,Vidángoz,115,61,54
31,Navarra,253,Bidaurreta,96,59,37
31,Navarra,254,Villafranca,2510,1239,1271
31,Navarra,255,Villamayor de Monjardín,127,68,59
31,Navarra,256,Hiriberri/Villanueva de Aezkoa,152,86,66
31,Navarra,257,Villatuerta,778,402,376
31,Navarra,258,Villava/Atarrabia,9333,4618,4715
31,Navarra,259,Igantzi,588,304,284
31,Navarra,260,Yerri,1436,762,674
31,Navarra,261,Yesa,239,136,103
31,Navarra,262,Zabalza,156,75,81
31,Navarra,263,Zubieta,307,177,130
31,Navarra,264,Zugarramurdi,234,120,114
31,Navarra,265,Zúñiga,114,68,46
31,Navarra,901,Barañain,20871,10242,10629
31,Navarra,902,Berrioplano,1213,614,599
31,Navarra,903,Berriozar,5557,2868,2689
31,Navarra,904,Irurtzun,2112,1092,1020
31,Navarra,905,Beriáin,2584,1280,1304
31,Navarra,906,Orcoyen,1267,655,612
31,Navarra,907,Zizur Mayor/Zizur Nagusia,10686,5306,5380
31,Navarra,908,Lekunberri,825,422,403
32,Ourense,1,Allariz,5158,2481,2677
32,Ourense,2,Amoeiro,2293,1110,1183
32,Ourense,3,Arnoia (A),1211,562,649
32,Ourense,4,Avión,2984,1304,1680
32,Ourense,5,Baltar,1282,636,646
32,Ourense,6,Bande,2602,1235,1367
32,Ourense,7,Baños de Molgas,2222,1096,1126
32,Ourense,8,Barbadás,6286,3053,3233
32,Ourense,9,Barco de Valdeorras (O),12767,6388,6379
32,Ourense,10,Beade,614,302,312
32,Ourense,11,Beariz,1704,793,911
32,Ourense,12,Blancos (Os),1322,657,665
32,Ourense,13,Boborás,3462,1576,1886
32,Ourense,14,Bola (A),1566,727,839
32,Ourense,15,Bolo (O),1432,700,732
32,Ourense,16,Calvos de Randín,1256,633,623
32,Ourense,17,Carballeda de Valdeorras,2313,1161,1152
32,Ourense,18,Carballeda de Avia,1685,803,882
32,Ourense,19,Carballiño (O),12434,5878,6556
32,Ourense,20,Cartelle,3927,1879,2048
32,Ourense,21,Castrelo do Val,1336,654,682
32,Ourense,22,Castrelo de Miño,2153,1029,1124
32,Ourense,23,Castro Caldelas,1919,972,947
32,Ourense,24,Celanova,5960,2804,3156
32,Ourense,25,Cenlle,1673,784,889
32,Ourense,26,Coles,3162,1579,1583
32,Ourense,27,Cortegada,1441,697,744
32,Ourense,28,Cualedro,2457,1239,1218
32,Ourense,29,Chandrexa de Queixa,897,494,403
32,Ourense,30,Entrimo,1474,664,810
32,Ourense,31,Esgos,1339,652,687
32,Ourense,32,Xinzo de Limia,9599,4740,4859
32,Ourense,33,Gomesende,1205,554,651
32,Ourense,34,Gudiña (A),1724,855,869
32,Ourense,35,Irixo (O),2185,1010,1175
32,Ourense,36,Xunqueira de Ambía,2097,1018,1079
32,Ourense,37,Xunqueira de Espadanedo,1097,523,574
32,Ourense,38,Larouco,617,292,325
32,Ourense,39,Laza,2027,1014,1013
32,Ourense,40,Leiro,2046,961,1085
32,Ourense,41,Lobeira,1286,612,674
32,Ourense,42,Lobios,2691,1289,1402
32,Ourense,43,Maceda,3387,1650,1737
32,Ourense,44,Manzaneda,1264,648,616
32,Ourense,45,Maside,3297,1551,1746
32,Ourense,46,Melón,1601,715,886
32,Ourense,47,Merca (A),2426,1157,1269
32,Ourense,48,Mezquita (A),1549,783,766
32,Ourense,49,Montederramo,1285,663,622
32,Ourense,50,Monterrei,3425,1702,1723
32,Ourense,51,Muíños,2042,983,1059
32,Ourense,52,Nogueira de Ramuín,2667,1256,1411
32,Ourense,53,Oímbra,2021,1022,999
32,Ourense,54,Ourense,108647,50818,57829
32,Ourense,55,Paderne de Allariz,1714,818,896
32,Ourense,56,Padrenda,2836,1342,1494
32,Ourense,57,Parada de Sil,909,429,480
32,Ourense,58,Pereiro de Aguiar (O),4892,2405,2487
32,Ourense,59,Peroxa (A),2590,1214,1376
32,Ourense,60,Petín,1139,551,588
32,Ourense,61,Piñor,1620,797,823
32,Ourense,62,Porqueira,1192,563,629
32,Ourense,63,Pobra de Trives (A),2911,1438,1473
32,Ourense,64,Pontedeva,708,323,385
32,Ourense,65,Punxín,978,455,523
32,Ourense,66,Quintela de Leirado,950,440,510
32,Ourense,67,Rairiz de Veiga,1895,933,962
32,Ourense,68,Ramirás,2077,963,1114
32,Ourense,69,Ribadavia,5509,2654,2855
32,Ourense,70,San Xoán de Río,1030,488,542
32,Ourense,71,Riós,2265,1126,1139
32,Ourense,72,Rúa (A),5008,2443,2565
32,Ourense,73,Rubiá,1828,900,928
32,Ourense,74,San Amaro,1534,741,793
32,Ourense,75,San Cibrao das Viñas,3614,1747,1867
32,Ourense,76,San Cristovo de Cea,3232,1551,1681
32,Ourense,77,Sandiás,1712,787,925
32,Ourense,78,Sarreaus,1917,944,973
32,Ourense,79,Taboadela,1755,881,874
32,Ourense,80,Teixeira (A),597,276,321
32,Ourense,81,Toén,2623,1325,1298
32,Ourense,82,Trasmiras,1940,948,992
32,Ourense,83,Veiga (A),1446,717,729
32,Ourense,84,Verea,1516,732,784
32,Ourense,85,Verín,13033,6353,6680
32,Ourense,86,Viana do Bolo,4089,2027,2062
32,Ourense,87,Vilamarín,2262,1113,1149
32,Ourense,88,Vilamartín de Valdeorras,2502,1213,1289
32,Ourense,89,Vilar de Barrio,2084,1040,1044
32,Ourense,90,Vilar de Santos,1033,505,528
32,Ourense,91,Vilardevós,2931,1465,1466
32,Ourense,92,Vilariño de Conso,854,467,387
33,Asturias,1,Allande,2501,1287,1214
33,Asturias,2,Aller,15398,7566,7832
33,Asturias,3,Amieva,905,477,428
33,Asturias,4,Avilés,83930,40344,43586
33,Asturias,5,Belmonte de Miranda,2304,1180,1124
33,Asturias,6,Bimenes,2174,1039,1135
33,Asturias,7,Boal,2529,1253,1276
33,Asturias,8,Cabrales,2371,1194,1177
33,Asturias,9,Cabranes,1269,628,641
33,Asturias,10,Candamo,2601,1248,1353
33,Asturias,11,Cangas del Narcea,17161,8677,8484
33,Asturias,12,Cangas de Onís,6343,3095,3248
33,Asturias,13,Caravia,591,301,290
33,Asturias,14,Carreño,10557,5125,5432
33,Asturias,15,Caso,1990,1063,927
33,Asturias,16,Castrillón,22593,10966,11627
33,Asturias,17,Castropol,4357,2052,2305
33,Asturias,18,Coaña,3692,1794,1898
33,Asturias,19,Colunga,4387,2147,2240
33,Asturias,20,Corvera de Asturias,16118,7865,8253
33,Asturias,21,Cudillero,6127,2986,3141
33,Asturias,22,Degaña,1528,802,726
33,Asturias,23,Franco (El),4154,2029,2125
33,Asturias,24,Gijón,267426,126994,140432
33,Asturias,25,Gozón,11194,5440,5754
33,Asturias,26,Grado,11666,5603,6063
33,Asturias,27,Grandas de Salime,1343,681,662
33,Asturias,28,Ibias,2190,1164,1026
33,Asturias,29,Illano,639,329,310
33,Asturias,30,Illas,1126,588,538
33,Asturias,31,Langreo,48886,23369,25517
33,Asturias,32,Laviana,14804,7177,7627
33,Asturias,33,Lena,13901,6750,7151
33,Asturias,34,Valdés,15297,7459,7838
33,Asturias,35,Llanera,11991,5885,6106
33,Asturias,36,Llanes,13144,6327,6817
33,Asturias,37,Mieres,49506,23692,25814
33,Asturias,38,Morcín,3066,1496,1570
33,Asturias,39,Muros de Nalón,2291,1075,1216
33,Asturias,40,Nava,5656,2798,2858
33,Asturias,41,Navia,9079,4362,4717
33,Asturias,42,Noreña,4320,2067,2253
33,Asturias,43,Onís,893,447,446
33,Asturias,44,Oviedo,200411,93518,106893
33,Asturias,45,Parres,5563,2715,2848
33,Asturias,46,Peñamellera Alta,740,366,374
33,Asturias,47,Peñamellera Baja,1621,803,818
33,Asturias,48,Pesoz,265,135,130
33,Asturias,49,Piloña,8892,4317,4575
33,Asturias,50,Ponga,760,451,309
33,Asturias,51,Pravia,9419,4550,4869
33,Asturias,52,Proaza,919,480,439
33,Asturias,53,Quirós,1664,874,790
33,Asturias,54,Regueras (Las),2174,1075,1099
33,Asturias,55,Ribadedeva,1891,924,967
33,Asturias,56,Ribadesella,6245,2968,3277
33,Asturias,57,Ribera de Arriba,1998,986,1012
33,Asturias,58,Riosa,2578,1326,1252
33,Asturias,59,Salas,6938,3382,3556
33,Asturias,60,San Martín del Rey Aurelio,20794,9976,10818
33,Asturias,61,San Martín de Oscos,524,264,260
33,Asturias,62,Santa Eulalia de Oscos,591,296,295
33,Asturias,63,San Tirso de Abres,643,307,336
33,Asturias,64,Santo Adriano,335,169,166
33,Asturias,65,Sariego,1393,689,704
33,Asturias,66,Siero,47360,22869,24491
33,Asturias,67,Sobrescobio,818,430,388
33,Asturias,68,Somiedo,1621,862,759
33,Asturias,69,Soto del Barco,4310,2057,2253
33,Asturias,70,Tapia de Casariego,4368,2072,2296
33,Asturias,71,Taramundi,906,435,471
33,Asturias,72,Teverga,2264,1180,1084
33,Asturias,73,Tineo,12931,6521,6410
33,Asturias,74,Vegadeo,4759,2260,2499
33,Asturias,75,Villanueva de Oscos,410,211,199
33,Asturias,76,Villaviciosa,14275,6990,7285
33,Asturias,77,Villayón,1966,1009,957
33,Asturias,78,Yernes y Tameza,223,110,113
34,Palencia,1,Abarca de Campos,50,26,24
34,Palencia,3,Abia de las Torres,204,103,101
34,Palencia,4,Aguilar de Campoo,7643,3730,3913
34,Palencia,5,Alar del Rey,1303,615,688
34,Palencia,6,Alba de Cerrato,101,49,52
34,Palencia,9,Amayuelas de Arriba,43,26,17
34,Palencia,10,Ampudia,698,363,335
34,Palencia,11,Amusco,559,309,250
34,Palencia,12,Antigüedad,427,228,199
34,Palencia,15,Arconada,67,35,32
34,Palencia,17,Astudillo,1287,663,624
34,Palencia,18,Autilla del Pino,249,131,118
34,Palencia,19,Autillo de Campos,191,87,104
34,Palencia,20,Ayuela,78,47,31
34,Palencia,22,Baltanás,1561,808,753
34,Palencia,23,Venta de Baños,6188,2994,3194
34,Palencia,24,Baquerín de Campos,38,23,15
34,Palencia,25,Bárcena de Campos,63,26,37
34,Palencia,27,Barruelo de Santullán,1834,857,977
34,Palencia,28,Báscones de Ojeda,212,107,105
34,Palencia,29,Becerril de Campos,1095,536,559
34,Palencia,31,Belmonte de Campos,46,22,24
34,Palencia,32,Berzosilla,73,33,40
34,Palencia,33,Boada de Campos,24,13,11
34,Palencia,34,Boadilla del Camino,190,101,89
34,Palencia,35,Boadilla de Rioseco,188,90,98
34,Palencia,36,Brañosera,290,151,139
34,Palencia,37,Buenavista de Valdavia,440,221,219
34,Palencia,38,Bustillo de la Vega,383,201,182
34,Palencia,39,Bustillo del Páramo de Carrión,93,52,41
34,Palencia,41,Calahorra de Boedo,137,69,68
34,Palencia,42,Calzada de los Molinos,386,208,178
34,Palencia,45,Capillas,116,57,59
34,Palencia,46,Cardeñosa de Volpejera,56,30,26
34,Palencia,47,Carrión de los Condes,2425,1130,1295
34,Palencia,48,Castil de Vela,112,53,59
34,Palencia,49,Castrejón de la Peña,622,325,297
34,Palencia,50,Castrillo de Don Juan,337,185,152
34,Palencia,51,Castrillo de Onielo,179,85,94
34,Palencia,52,Castrillo de Villavega,285,144,141
34,Palencia,53,Castromocho,257,133,124
34,Palencia,55,Cervatos de la Cueza,397,206,191
34,Palencia,56,Cervera de Pisuerga,2706,1358,1348
34,Palencia,57,Cevico de la Torre,705,344,361
34,Palencia,58,Cevico Navero,275,142,133
34,Palencia,59,Cisneros,600,284,316
34,Palencia,60,Cobos de Cerrato,244,119,125
34,Palencia,61,Collazos de Boedo,157,87,70
34,Palencia,62,Congosto de Valdavia,284,165,119
34,Palencia,63,Cordovilla la Real,126,72,54
34,Palencia,66,Cubillas de Cerrato,87,44,43
34,Palencia,67,Dehesa de Montejo,218,121,97
34,Palencia,68,Dehesa de Romanos,44,27,17
34,Palencia,69,Dueñas,2949,1510,1439
34,Palencia,70,Espinosa de Cerrato,274,145,129
34,Palencia,71,Espinosa de Villagonzalo,272,137,135
34,Palencia,72,Frechilla,272,130,142
34,Palencia,73,Fresno del Río,200,100,100
34,Palencia,74,Frómista,980,487,493
34,Palencia,76,Fuentes de Nava,815,407,408
34,Palencia,77,Fuentes de Valdepero,242,136,106
34,Palencia,79,Grijota,819,416,403
34,Palencia,80,Guardo,8645,4361,4284
34,Palencia,81,Guaza de Campos,78,38,40
34,Palencia,82,Hérmedes de Cerrato,133,66,67
34,Palencia,83,Herrera de Pisuerga,2627,1308,1319
34,Palencia,84,Herrera de Valdecañas,203,101,102
34,Palencia,86,Hontoria de Cerrato,123,64,59
34,Palencia,87,Hornillos de Cerrato,130,68,62
34,Palencia,88,Husillos,223,122,101
34,Palencia,89,Itero de la Vega,243,124,119
34,Palencia,91,Lagartos,169,88,81
34,Palencia,92,Lantadilla,518,247,271
34,Palencia,93,Vid de Ojeda (La),136,80,56
34,Palencia,94,Ledigos,105,54,51
34,Palencia,96,Lomas,62,27,35
34,Palencia,98,Magaz de Pisuerga,726,369,357
34,Palencia,99,Manquillos,71,37,34
34,Palencia,100,Mantinos,201,101,100
34,Palencia,101,Marcilla de Campos,74,33,41
34,Palencia,102,Mazariegos,291,158,133
34,Palencia,103,Mazuecos de Valdeginate,138,69,69
34,Palencia,104,Melgar de Yuso,389,214,175
34,Palencia,106,Meneses de Campos,156,80,76
34,Palencia,107,Micieces de Ojeda,113,62,51
34,Palencia,108,Monzón de Campos,758,399,359
34,Palencia,109,Moratinos,89,47,42
34,Palencia,110,Mudá,129,66,63
34,Palencia,112,Nogal de las Huertas,69,40,29
34,Palencia,113,Olea de Boedo,45,21,24
34,Palencia,114,Olmos de Ojeda,341,186,155
34,Palencia,116,Osornillo,100,55,45
34,Palencia,120,Palencia,80613,38398,42215
34,Palencia,121,Palenzuela,318,169,149
34,Palencia,122,Páramo de Boedo,111,56,55
34,Palencia,123,Paredes de Nava,2428,1197,1231
34,Palencia,124,Payo de Ojeda,97,59,38
34,Palencia,125,Pedraza de Campos,131,68,63
34,Palencia,126,Pedrosa de la Vega,393,207,186
34,Palencia,127,Perales,116,60,56
34,Palencia,129,Pino del Río,283,164,119
34,Palencia,130,Piña de Campos,294,156,138
34,Palencia,131,Población de Arroyo,92,50,42
34,Palencia,132,Población de Campos,200,111,89
34,Palencia,133,Población de Cerrato,127,66,61
34,Palencia,134,Polentinos,91,48,43
34,Palencia,135,Pomar de Valdivia,536,278,258
34,Palencia,136,Poza de la Vega,274,148,126
34,Palencia,137,Pozo de Urama,43,22,21
34,Palencia,139,Prádanos de Ojeda,252,132,120
34,Palencia,140,Puebla de Valdavia (La),157,76,81
34,Palencia,141,Quintana del Puente,256,130,126
34,Palencia,143,Quintanilla de Onsoña,239,134,105
34,Palencia,146,Reinoso de Cerrato,83,49,34
34,Palencia,147,Renedo de la Vega,270,155,115
34,Palencia,149,Requena de Campos,58,30,28
34,Palencia,151,Respenda de la Peña,274,144,130
34,Palencia,152,Revenga de Campos,189,95,94
34,Palencia,154,Revilla de Collazos,86,47,39
34,Palencia,155,Ribas de Campos,197,105,92
34,Palencia,156,Riberos de la Cueza,89,51,38
34,Palencia,157,Saldaña,3187,1603,1584
34,Palencia,158,Salinas de Pisuerga,281,150,131
34,Palencia,159,San Cebrián de Campos,541,312,229
34,Palencia,160,San Cebrián de Mudá,210,103,107
34,Palencia,161,San Cristóbal de Boedo,48,28,20
34,Palencia,163,San Mamés de Campos,112,49,63
34,Palencia,165,San Román de la Cuba,119,59,60
34,Palencia,167,Santa Cecilia del Alcor,165,90,75
34,Palencia,168,Santa Cruz de Boedo,65,34,31
34,Palencia,169,Santervás de la Vega,550,300,250
34,Palencia,170,Santibáñez de Ecla,102,45,57
34,Palencia,171,Santibáñez de la Peña,1514,757,757
34,Palencia,174,Santoyo,286,138,148
34,Palencia,175,Serna (La),124,74,50
34,Palencia,176,Sotobañado y Priorato,182,98,84
34,Palencia,177,Soto de Cerrato,228,115,113
34,Palencia,178,Tabanera de Cerrato,180,94,86
34,Palencia,179,Tabanera de Valdavia,56,23,33
34,Palencia,180,Támara de Campos,98,52,46
34,Palencia,181,Tariego de Cerrato,561,292,269
34,Palencia,182,Torquemada,1176,601,575
34,Palencia,184,Torremormojón,92,48,44
34,Palencia,185,Triollo,98,52,46
34,Palencia,186,Valbuena de Pisuerga,80,46,34
34,Palencia,189,Valdeolmillos,88,46,42
34,Palencia,190,Valderrábano,82,49,33
34,Palencia,192,Valde-Ucieza,124,70,54
34,Palencia,196,Valle de Cerrato,130,75,55
34,Palencia,199,Velilla del Río Carrión,1818,926,892
34,Palencia,201,Vertavillo,228,126,102
34,Palencia,202,Villabasta de Valdavia,40,18,22
34,Palencia,204,Villacidaler,78,38,40
34,Palencia,205,Villaconancio,89,52,37
34,Palencia,206,Villada,1290,638,652
34,Palencia,208,Villaeles de Valdavia,87,47,40
34,Palencia,210,Villahán,140,76,64
34,Palencia,211,Villaherreros,273,130,143
34,Palencia,213,Villalaco,81,34,47
34,Palencia,214,Villalba de Guardo,248,133,115
34,Palencia,215,Villalcázar de Sirga,237,111,126
34,Palencia,216,Villalcón,89,42,47
34,Palencia,217,Villalobón,358,188,170
34,Palencia,218,Villaluenga de la Vega,667,374,293
34,Palencia,220,Villamartín de Campos,169,90,79
34,Palencia,221,Villamediana,236,123,113
34,Palencia,222,Villameriel,158,87,71
34,Palencia,223,Villamoronta,331,175,156
34,Palencia,224,Villamuera de la Cueza,63,36,27
34,Palencia,225,Villamuriel de Cerrato,4734,2437,2297
34,Palencia,227,Villanueva del Rebollar,101,51,50
34,Palencia,228,Villanuño de Valdavia,130,71,59
34,Palencia,229,Villaprovedo,105,63,42
34,Palencia,230,Villarmentero de Campos,14,10,4
34,Palencia,231,Villarrabé,287,139,148
34,Palencia,232,Villarramiel,1096,562,534
34,Palencia,233,Villasarracino,271,142,129
34,Palencia,234,Villasila de Valdavia,107,59,48
34,Palencia,236,Villaturde,253,123,130
34,Palencia,237,Villaumbrales,886,460,426
34,Palencia,238,Villaviudas,473,224,249
34,Palencia,240,Villerías de Campos,131,72,59
34,Palencia,241,Villodre,46,27,19
34,Palencia,242,Villodrigo,129,65,64
34,Palencia,243,Villoldo,496,264,232
34,Palencia,245,Villota del Páramo,458,265,193
34,Palencia,246,Villovieco,124,64,60
34,Palencia,901,Osorno la Mayor,1712,925,787
34,Palencia,902,Valle del Retortillo,219,105,114
34,Palencia,903,Loma de Ucieza,328,174,154
34,Palencia,904,Pernía (La),479,263,216
35,Palmas (Las),1,Agaete,5665,2882,2783
35,Palmas (Las),2,Agüimes,20692,10558,10134
35,Palmas (Las),3,Antigua,4821,2670,2151
35,Palmas (Las),4,Arrecife,43711,22217,21494
35,Palmas (Las),5,Artenara,1572,803,769
35,Palmas (Las),6,Arucas,31973,16014,15959
35,Palmas (Las),7,Betancuria,677,348,329
35,Palmas (Las),8,Firgas,6814,3454,3360
35,Palmas (Las),9,Gáldar,22291,11174,11117
35,Palmas (Las),10,Haría,4201,2163,2038
35,Palmas (Las),11,Ingenio,24616,12463,12153
35,Palmas (Las),12,Mogán,13136,6873,6263
35,Palmas (Las),13,Moya,8664,4391,4273
35,Palmas (Las),14,Oliva (La),10578,5713,4865
35,Palmas (Las),15,Pájara,12923,7390,5533
35,Palmas (Las),16,Palmas de Gran Canaria (Las),358518,175221,183297
35,Palmas (Las),17,Puerto del Rosario,21274,11169,10105
35,Palmas (Las),18,San Bartolomé,13129,6829,6300
35,Palmas (Las),19,San Bartolomé de Tirajana,39939,20681,19258
35,Palmas (Las),20,San Nicolás de Tolentino,8070,4084,3986
35,Palmas (Las),21,Santa Brígida,18153,9067,9086
35,Palmas (Las),22,Santa Lucía de Tirajana,44974,22875,22099
35,Palmas (Las),23,Santa María de Guía de Gran Canaria,14032,6999,7033
35,Palmas (Las),24,Teguise,12184,6265,5919
35,Palmas (Las),25,Tejeda,2565,1307,1258
35,Palmas (Las),26,Telde,88110,44269,43841
35,Palmas (Las),27,Teror,11898,5999,5899
35,Palmas (Las),28,Tías,13537,7024,6513
35,Palmas (Las),29,Tinajo,4373,2279,2094
35,Palmas (Las),30,Tuineje,9851,5248,4603
35,Palmas (Las),31,Valsequillo de Gran Canaria,8049,4139,3910
35,Palmas (Las),32,Valleseco,4006,2059,1947
35,Palmas (Las),33,Vega de San Mateo,7424,3847,3577
35,Palmas (Las),34,Yaiza,5175,2896,2279
36,Pontevedra,1,Arbo,4318,2105,2213
36,Pontevedra,2,Barro,3538,1673,1865
36,Pontevedra,3,Baiona,10741,5271,5470
36,Pontevedra,4,Bueu,12526,6109,6417
36,Pontevedra,5,Caldas de Reis,9441,4540,4901
36,Pontevedra,6,Cambados,13240,6427,6813
36,Pontevedra,7,Campo Lameiro,2307,1099,1208
36,Pontevedra,8,Cangas,23442,11569,11873
36,Pontevedra,9,Cañiza (A),6986,3313,3673
36,Pontevedra,10,Catoira,3507,1720,1787
36,Pontevedra,11,Cerdedo,2566,1122,1444
36,Pontevedra,12,Cotobade,4786,2187,2599
36,Pontevedra,13,Covelo,4046,1884,2162
36,Pontevedra,14,Crecente,2984,1370,1614
36,Pontevedra,15,Cuntis,5660,2610,3050
36,Pontevedra,16,Dozón,2174,1037,1137
36,Pontevedra,17,Estrada (A),22317,10456,11861
36,Pontevedra,18,Forcarei,4889,2303,2586
36,Pontevedra,19,Fornelos de Montes,2271,1035,1236
36,Pontevedra,20,Agolada,4391,2158,2233
36,Pontevedra,21,Gondomar,11463,5615,5848
36,Pontevedra,22,Grove (O),11036,5467,5569
36,Pontevedra,23,Guarda (A),10000,4872,5128
36,Pontevedra,24,Lalín,20169,9707,10462
36,Pontevedra,25,Lama (A),3047,1392,1655
36,Pontevedra,26,Marín,25482,12572,12910
36,Pontevedra,27,Meaño,5403,2580,2823
36,Pontevedra,28,Meis,4973,2301,2672
36,Pontevedra,29,Moaña,17907,8689,9218
36,Pontevedra,30,Mondariz,5571,2594,2977
36,Pontevedra,31,Mondariz-Balneario,651,310,341
36,Pontevedra,32,Moraña,4327,2064,2263
36,Pontevedra,33,Mos,13793,6733,7060
36,Pontevedra,34,Neves (As),4750,2260,2490
36,Pontevedra,35,Nigrán,15905,7769,8136
36,Pontevedra,36,Oia,2925,1454,1471
36,Pontevedra,37,Pazos de Borbén,3111,1437,1674
36,Pontevedra,38,Pontevedra,75212,35585,39627
36,Pontevedra,39,Porriño (O),16011,7716,8295
36,Pontevedra,40,Portas,3260,1540,1720
36,Pontevedra,41,Poio,14037,6807,7230
36,Pontevedra,42,Ponteareas,18322,8814,9508
36,Pontevedra,43,Ponte Caldelas,6501,3073,3428
36,Pontevedra,44,Pontecesures,2984,1477,1507
36,Pontevedra,45,Redondela,29108,14130,14978
36,Pontevedra,46,Ribadumia,4221,2051,2170
36,Pontevedra,47,Rodeiro,4355,2232,2123
36,Pontevedra,48,Rosal (O),5846,2811,3035
36,Pontevedra,49,Salceda de Caselas,6144,3007,3137
36,Pontevedra,50,Salvaterra de Miño,8501,4067,4434
36,Pontevedra,51,Sanxenxo,16183,7940,8243
36,Pontevedra,52,Silleda,9214,4416,4798
36,Pontevedra,53,Soutomaior,5369,2588,2781
36,Pontevedra,54,Tomiño,10901,5326,5575
36,Pontevedra,55,Tui,15939,7612,8327
36,Pontevedra,56,Valga,6310,3089,3221
36,Pontevedra,57,Vigo,285526,135413,150113
36,Pontevedra,58,Vilaboa,5780,2843,2937
36,Pontevedra,59,Vila de Cruces,7171,3502,3669
36,Pontevedra,60,Vilagarcía de Arousa,33832,16310,17522
36,Pontevedra,61,Vilanova de Arousa,10303,4971,5332
36,Pontevedra,901,Illa de Arousa (A),4948,2457,2491
37,Salamanca,1,Abusejo,256,126,130
37,Salamanca,2,Agallas,191,98,93
37,Salamanca,3,Ahigal de los Aceiteros,206,105,101
37,Salamanca,4,Ahigal de Villarino,44,21,23
37,Salamanca,5,Alameda de Gardón (La),157,72,85
37,Salamanca,6,Alamedilla (La),219,112,107
37,Salamanca,7,Alaraz,670,342,328
37,Salamanca,8,Alba de Tormes,4654,2290,2364
37,Salamanca,9,Alba de Yeltes,284,138,146
37,Salamanca,10,Alberca (La),1122,584,538
37,Salamanca,11,Alberguería de Argañán (La),200,103,97
37,Salamanca,12,Alconada,226,112,114
37,Salamanca,13,Aldeacipreste,225,122,103
37,Salamanca,14,Aldeadávila de la Ribera,1702,856,846
37,Salamanca,15,Aldea del Obispo,396,207,189
37,Salamanca,16,Aldealengua,574,301,273
37,Salamanca,17,Aldeanueva de Figueroa,343,176,167
37,Salamanca,18,Aldeanueva de la Sierra,107,50,57
37,Salamanca,19,Aldearrodrigo,214,108,106
37,Salamanca,20,Aldearrubia,548,297,251
37,Salamanca,21,Aldeaseca de Alba,130,63,67
37,Salamanca,22,Aldeaseca de la Frontera,362,180,182
37,Salamanca,23,Aldeatejada,634,307,327
37,Salamanca,24,Aldeavieja de Tormes,140,71,69
37,Salamanca,25,Aldehuela de la Bóveda,385,189,196
37,Salamanca,26,Aldehuela de Yeltes,313,160,153
37,Salamanca,27,Almenara de Tormes,254,127,127
37,Salamanca,28,Almendra,196,99,97
37,Salamanca,29,Anaya de Alba,322,176,146
37,Salamanca,30,Añover de Tormes,108,58,50
37,Salamanca,31,Arabayona de Mógica,519,276,243
37,Salamanca,32,Arapiles,514,261,253
37,Salamanca,33,Arcediano,118,60,58
37,Salamanca,34,Arco (El),102,57,45
37,Salamanca,35,Armenteros,324,156,168
37,Salamanca,36,San Miguel del Robledo,105,49,56
37,Salamanca,37,Atalaya (La),158,85,73
37,Salamanca,38,Babilafuente,986,515,471
37,Salamanca,39,Bañobárez,429,220,209
37,Salamanca,40,Barbadillo,565,271,294
37,Salamanca,41,Barbalos,108,55,53
37,Salamanca,42,Barceo,70,38,32
37,Salamanca,44,Barruecopardo,587,295,292
37,Salamanca,45,Bastida (La),39,21,18
37,Salamanca,46,Béjar,15690,7435,8255
37,Salamanca,47,Beleña,148,75,73
37,Salamanca,49,Bermellar,222,109,113
37,Salamanca,50,Berrocal de Huebra,122,60,62
37,Salamanca,51,Berrocal de Salvatierra,135,68,67
37,Salamanca,52,Boada,426,216,210
37,Salamanca,54,Bodón (El),339,174,165
37,Salamanca,55,Bogajo,211,111,100
37,Salamanca,56,Bouza (La),70,33,37
37,Salamanca,57,Bóveda del Río Almar,315,168,147
37,Salamanca,58,Brincones,108,55,53
37,Salamanca,59,Buenamadre,180,94,86
37,Salamanca,60,Buenavista,94,50,44
37,Salamanca,61,Cabaco (El),285,144,141
37,Salamanca,62,Cabezabellosa de la Calzada,135,73,62
37,Salamanca,63,Cabeza de Béjar (La),110,56,54
37,Salamanca,65,Cabeza del Caballo,482,251,231
37,Salamanca,67,Cabrerizos,2015,995,1020
37,Salamanca,68,Cabrillas,538,255,283
37,Salamanca,69,Calvarrasa de Abajo,988,496,492
37,Salamanca,70,Calvarrasa de Arriba,680,349,331
37,Salamanca,71,Calzada de Béjar (La),106,58,48
37,Salamanca,72,Calzada de Don Diego,260,134,126
37,Salamanca,73,Calzada de Valdunciel,659,322,337
37,Salamanca,74,Campillo de Azaba,265,132,133
37,Salamanca,77,Campo de Peñaranda (El),394,200,194
37,Salamanca,78,Candelario,1109,539,570
37,Salamanca,79,Canillas de Abajo,110,63,47
37,Salamanca,80,Cantagallo,288,140,148
37,Salamanca,81,Cantalapiedra,1323,655,668
37,Salamanca,82,Cantalpino,1174,632,542
37,Salamanca,83,Cantaracillo,281,144,137
37,Salamanca,85,Carbajosa de la Sagrada,1674,840,834
37,Salamanca,86,Carpio de Azaba,110,57,53
37,Salamanca,87,Carrascal de Barregas,495,256,239
37,Salamanca,88,Carrascal del Obispo,255,124,131
37,Salamanca,89,Casafranca,86,40,46
37,Salamanca,90,Casas del Conde (Las),88,40,48
37,Salamanca,91,Casillas de Flores,264,123,141
37,Salamanca,92,Castellanos de Moriscos,373,174,199
37,Salamanca,96,Castillejo de Martín Viejo,337,176,161
37,Salamanca,97,Castraz,61,36,25
37,Salamanca,98,Cepeda,530,256,274
37,Salamanca,99,Cereceda de la Sierra,104,52,52
37,Salamanca,100,Cerezal de Peñahorcada,127,71,56
37,Salamanca,101,Cerralbo,256,132,124
37,Salamanca,102,Cerro (El),555,295,260
37,Salamanca,103,Cespedosa de Tormes,650,339,311
37,Salamanca,104,Cilleros de la Bastida,41,21,20
37,Salamanca,106,Cipérez,439,221,218
37,Salamanca,107,Ciudad Rodrigo,14556,6972,7584
37,Salamanca,108,Coca de Alba,158,71,87
37,Salamanca,109,Colmenar de Montemayor,273,153,120
37,Salamanca,110,Cordovilla,145,83,62
37,Salamanca,112,Cristóbal,254,130,124
37,Salamanca,113,Cubo de Don Sancho (El),592,310,282
37,Salamanca,114,Chagarcía Medianero,146,79,67
37,Salamanca,115,Dios le Guarde,166,92,74
37,Salamanca,116,Doñinos de Ledesma,108,58,50
37,Salamanca,117,Doñinos de Salamanca,726,376,350
37,Salamanca,118,Ejeme,199,107,92
37,Salamanca,119,Encina (La),205,111,94
37,Salamanca,120,Encina de San Silvestre,125,62,63
37,Salamanca,121,Encinas de Abajo,671,349,322
37,Salamanca,122,Encinas de Arriba,288,138,150
37,Salamanca,123,Encinasola de los Comendadores,297,151,146
37,Salamanca,124,Endrinal,301,167,134
37,Salamanca,125,Escurial de la Sierra,299,152,147
37,Salamanca,126,Espadaña,50,27,23
37,Salamanca,127,Espeja,298,157,141
37,Salamanca,128,Espino de la Orbada,362,183,179
37,Salamanca,129,Florida de Liébana,252,135,117
37,Salamanca,130,Forfoleda,251,124,127
37,Salamanca,131,Frades de la Sierra,286,150,136
37,Salamanca,132,Fregeneda (La),554,271,283
37,Salamanca,133,Fresnedoso,128,58,70
37,Salamanca,134,Fresno Alhándiga,314,166,148
37,Salamanca,135,Fuente de San Esteban (La),1544,784,760
37,Salamanca,136,Fuenteguinaldo,938,474,464
37,Salamanca,137,Fuenteliante,142,68,74
37,Salamanca,138,Fuenterroble de Salvatierra,270,137,133
37,Salamanca,139,Fuentes de Béjar,282,121,161
37,Salamanca,140,Fuentes de Oñoro,1396,672,724
37,Salamanca,141,Gajates,246,122,124
37,Salamanca,142,Galindo y Perahuy,362,199,163
37,Salamanca,143,Galinduste,584,286,298
37,Salamanca,144,Galisancho,566,316,250
37,Salamanca,145,Gallegos de Argañán,415,218,197
37,Salamanca,146,Gallegos de Solmirón,199,94,105
37,Salamanca,147,Garcibuey,294,164,130
37,Salamanca,148,Garcihernández,606,320,286
37,Salamanca,149,Garcirrey,111,55,56
37,Salamanca,150,Gejuelo del Barro,53,29,24
37,Salamanca,151,Golpejas,201,99,102
37,Salamanca,152,Gomecello,525,270,255
37,Salamanca,154,Guadramiro,223,130,93
37,Salamanca,155,Guijo de Ávila,115,64,51
37,Salamanca,156,Guijuelo,5082,2527,2555
37,Salamanca,157,Herguijuela de Ciudad Rodrigo,143,77,66
37,Salamanca,158,Herguijuela de la Sierra,326,162,164
37,Salamanca,159,Herguijuela del Campo,124,57,67
37,Salamanca,160,Hinojosa de Duero,840,417,423
37,Salamanca,161,Horcajo de Montemayor,207,105,102
37,Salamanca,162,Horcajo Medianero,368,178,190
37,Salamanca,163,Hoya (La),23,18,5
37,Salamanca,164,Huerta,275,145,130
37,Salamanca,165,Iruelos,65,27,38
37,Salamanca,166,Ituero de Azaba,271,145,126
37,Salamanca,167,Juzbado,197,103,94
37,Salamanca,168,Lagunilla,640,341,299
37,Salamanca,169,Larrodrigo,305,159,146
37,Salamanca,170,Ledesma,1954,960,994
37,Salamanca,171,Ledrada,606,308,298
37,Salamanca,172,Linares de Riofrío,1053,530,523
37,Salamanca,173,Lumbrales,2210,1100,1110
37,Salamanca,174,Macotera,1695,861,834
37,Salamanca,175,Machacón,543,276,267
37,Salamanca,176,Madroñal,182,98,84
37,Salamanca,177,Maíllo (El),443,226,217
37,Salamanca,178,Malpartida,159,88,71
37,Salamanca,179,Mancera de Abajo,363,185,178
37,Salamanca,180,Manzano (El),96,50,46
37,Salamanca,181,Martiago,380,201,179
37,Salamanca,182,Martinamor,82,43,39
37,Salamanca,183,Martín de Yeltes,560,287,273
37,Salamanca,184,Masueco,473,237,236
37,Salamanca,185,Castellanos de Villiquera,587,305,282
37,Salamanca,186,Mata de Ledesma (La),146,70,76
37,Salamanca,187,Matilla de los Caños del Río,711,363,348
37,Salamanca,188,Maya (La),262,141,121
37,Salamanca,189,Membribe de la Sierra,87,46,41
37,Salamanca,190,Mieza,354,175,179
37,Salamanca,191,Milano (El),178,95,83
37,Salamanca,192,Miranda de Azán,323,155,168
37,Salamanca,193,Miranda del Castañar,654,347,307
37,Salamanca,194,Mogarraz,365,172,193
37,Salamanca,195,Molinillo,82,38,44
37,Salamanca,196,Monforte de la Sierra,113,66,47
37,Salamanca,197,Monleón,135,76,59
37,Salamanca,198,Monleras,262,135,127
37,Salamanca,199,Monsagro,237,136,101
37,Salamanca,200,Montejo,239,132,107
37,Salamanca,201,Montemayor del Río,377,204,173
37,Salamanca,202,Monterrubio de Armuña,545,286,259
37,Salamanca,203,Monterrubio de la Sierra,177,95,82
37,Salamanca,204,Morasverdes,447,227,220
37,Salamanca,205,Morille,186,100,86
37,Salamanca,206,Moríñigo,137,70,67
37,Salamanca,207,Moriscos,143,72,71
37,Salamanca,208,Moronta,127,68,59
37,Salamanca,209,Mozárbez,414,213,201
37,Salamanca,211,Narros de Matalayegua,302,161,141
37,Salamanca,212,Navacarros,132,72,60
37,Salamanca,213,Nava de Béjar,122,61,61
37,Salamanca,214,Nava de Francia,150,78,72
37,Salamanca,215,Nava de Sotrobal,217,113,104
37,Salamanca,216,Navales,392,226,166
37,Salamanca,217,Navalmoral de Béjar,75,37,38
37,Salamanca,218,Navamorales,172,93,79
37,Salamanca,219,Navarredonda de la Rinconada,278,141,137
37,Salamanca,221,Navasfrías,711,350,361
37,Salamanca,222,Negrilla de Palencia,127,58,69
37,Salamanca,223,Olmedo de Camaces,172,83,89
37,Salamanca,224,Orbada (La),284,149,135
37,Salamanca,225,Pajares de la Laguna,144,72,72
37,Salamanca,226,Palacios del Arzobispo,238,123,115
37,Salamanca,228,Palaciosrubios,547,292,255
37,Salamanca,229,Palencia de Negrilla,196,100,96
37,Salamanca,230,Parada de Arriba,247,139,108
37,Salamanca,231,Parada de Rubiales,345,182,163
37,Salamanca,232,Paradinas de San Juan,652,352,300
37,Salamanca,233,Pastores,56,29,27
37,Salamanca,234,Payo (El),496,242,254
37,Salamanca,235,Pedraza de Alba,289,150,139
37,Salamanca,236,Pedrosillo de Alba,258,126,132
37,Salamanca,237,Pedrosillo de los Aires,457,252,205
37,Salamanca,238,Pedrosillo el Ralo,153,73,80
37,Salamanca,239,Pedroso de la Armuña (El),319,157,162
37,Salamanca,240,Pelabravo,799,411,388
37,Salamanca,241,Pelarrodríguez,207,116,91
37,Salamanca,242,Pelayos,77,39,38
37,Salamanca,243,Peña (La),156,72,84
37,Salamanca,244,Peñacaballera,218,100,118
37,Salamanca,245,Peñaparda,479,243,236
37,Salamanca,246,Peñaranda de Bracamonte,6235,3048,3187
37,Salamanca,247,Peñarandilla,279,135,144
37,Salamanca,248,Peralejos de Abajo,197,94,103
37,Salamanca,249,Peralejos de Arriba,70,39,31
37,Salamanca,250,Pereña de la Ribera,557,281,276
37,Salamanca,251,Peromingo,163,76,87
37,Salamanca,252,Pinedas,188,97,91
37,Salamanca,253,Pino de Tormes (El),189,95,94
37,Salamanca,254,Pitiegua,266,136,130
37,Salamanca,255,Pizarral,100,48,52
37,Salamanca,256,Poveda de las Cintas,342,186,156
37,Salamanca,257,Pozos de Hinojo,83,42,41
37,Salamanca,258,Puebla de Azaba,286,149,137
37,Salamanca,259,Puebla de San Medel,67,36,31
37,Salamanca,260,Puebla de Yeltes,252,133,119
37,Salamanca,261,Puente del Congosto,341,168,173
37,Salamanca,262,Puertas,108,59,49
37,Salamanca,263,Puerto de Béjar,494,230,264
37,Salamanca,264,Puerto Seguro,107,55,52
37,Salamanca,265,Rágama,310,163,147
37,Salamanca,266,Redonda (La),114,55,59
37,Salamanca,267,Retortillo,241,116,125
37,Salamanca,268,Rinconada de la Sierra (La),182,95,87
37,Salamanca,269,Robleda,574,302,272
37,Salamanca,270,Robliza de Cojos,209,105,104
37,Salamanca,271,Rollán,597,304,293
37,Salamanca,272,Saelices el Chico,176,92,84
37,Salamanca,273,Sagrada (La),184,95,89
37,Salamanca,274,Salamanca,158556,74303,84253
37,Salamanca,275,Saldeana,182,98,84
37,Salamanca,276,Salmoral,327,164,163
37,Salamanca,277,Salvatierra de Tormes,62,29,33
37,Salamanca,278,San Cristóbal de la Cuesta,393,207,186
37,Salamanca,279,Sancti-Spíritus,1172,610,562
37,Salamanca,280,Sanchón de la Ribera,120,63,57
37,Salamanca,281,Sanchón de la Sagrada,55,30,25
37,Salamanca,282,Sanchotello,317,163,154
37,Salamanca,283,Sando,176,94,82
37,Salamanca,284,San Esteban de la Sierra,425,213,212
37,Salamanca,285,San Felices de los Gallegos,645,321,324
37,Salamanca,286,San Martín del Castañar,291,153,138
37,Salamanca,287,San Miguel de Valero,431,228,203
37,Salamanca,288,San Morales,231,128,103
37,Salamanca,289,San Muñoz,364,183,181
37,Salamanca,290,San Pedro del Valle,134,65,69
37,Salamanca,291,San Pedro de Rozados,343,169,174
37,Salamanca,292,San Pelayo de Guareña,106,54,52
37,Salamanca,293,Santa María de Sando,183,96,87
37,Salamanca,294,Santa Marta de Tormes,10546,5278,5268
37,Salamanca,296,Santiago de la Puebla,545,281,264
37,Salamanca,297,Santibáñez de Béjar,667,337,330
37,Salamanca,298,Santibáñez de la Sierra,251,136,115
37,Salamanca,299,Santiz,294,147,147
37,Salamanca,300,Santos (Los),716,364,352
37,Salamanca,301,Sardón de los Frailes,102,54,48
37,Salamanca,302,Saucelle,439,212,227
37,Salamanca,303,Sahugo (El),276,147,129
37,Salamanca,304,Sepulcro-Hilario,294,152,142
37,Salamanca,305,Sequeros,267,121,146
37,Salamanca,306,Serradilla del Arroyo,448,230,218
37,Salamanca,307,Serradilla del Llano,270,136,134
37,Salamanca,309,Sierpe (La),50,30,20
37,Salamanca,310,Sieteiglesias de Tormes,184,91,93
37,Salamanca,311,Sobradillo,376,179,197
37,Salamanca,312,Sorihuela,366,178,188
37,Salamanca,313,Sotoserrano,737,385,352
37,Salamanca,314,Tabera de Abajo,111,59,52
37,Salamanca,315,Tala (La),141,74,67
37,Salamanca,316,Tamames,995,509,486
37,Salamanca,317,Tarazona de Guareña,434,233,201
37,Salamanca,318,Tardáguila,262,140,122
37,Salamanca,319,Tejado (El),175,87,88
37,Salamanca,320,Tejeda y Segoyuela,119,59,60
37,Salamanca,321,Tenebrón,235,123,112
37,Salamanca,322,Terradillos,3049,1577,1472
37,Salamanca,323,Topas,717,365,352
37,Salamanca,324,Tordillos,569,294,275
37,Salamanca,325,Tornadizo (El),147,77,70
37,Salamanca,327,Torresmenudas,233,111,122
37,Salamanca,328,Trabanca,245,128,117
37,Salamanca,329,Tremedal de Tormes,43,22,21
37,Salamanca,330,Valdecarros,454,232,222
37,Salamanca,331,Valdefuentes de Sangusín,331,166,165
37,Salamanca,332,Valdehijaderos,119,64,55
37,Salamanca,333,Valdelacasa,344,190,154
37,Salamanca,334,Valdelageve,127,67,60
37,Salamanca,335,Valdelosa,489,230,259
37,Salamanca,336,Valdemierque,70,35,35
37,Salamanca,337,Valderrodrigo,191,90,101
37,Salamanca,338,Valdunciel,118,57,61
37,Salamanca,339,Valero,449,220,229
37,Salamanca,340,Valsalabroso,232,124,108
37,Salamanca,341,Valverde de Valdelacasa,74,37,37
37,Salamanca,342,Valverdón,281,146,135
37,Salamanca,343,Vallejera de Riofrío,56,30,26
37,Salamanca,344,Vecinos,305,151,154
37,Salamanca,345,Vega de Tirados,220,111,109
37,Salamanca,346,Veguillas (Las),303,150,153
37,Salamanca,347,Vellés (La),441,223,218
37,Salamanca,348,Ventosa del Río Almar,147,68,79
37,Salamanca,349,Vídola (La),179,91,88
37,Salamanca,350,Vilvestre,629,307,322
37,Salamanca,351,Villaflores,454,228,226
37,Salamanca,352,Villagonzalo de Tormes,237,118,119
37,Salamanca,353,Villalba de los Llanos,195,107,88
37,Salamanca,354,Villamayor,2901,1510,1391
37,Salamanca,355,Villanueva del Conde,257,134,123
37,Salamanca,356,Villar de Argañán,120,60,60
37,Salamanca,357,Villar de Ciervo,400,207,193
37,Salamanca,358,Villar de Gallimazo,213,104,109
37,Salamanca,359,Villar de la Yegua,301,138,163
37,Salamanca,360,Villar de Peralonso,344,159,185
37,Salamanca,361,Villar de Samaniego,128,70,58
37,Salamanca,362,Villares de la Reina,2901,1476,1425
37,Salamanca,363,Villares de Yeltes,170,80,90
37,Salamanca,364,Villarino de los Aires,1067,540,527
37,Salamanca,365,Villarmayor,230,121,109
37,Salamanca,366,Villarmuerto,61,35,26
37,Salamanca,367,Villasbuenas,312,163,149
37,Salamanca,368,Villasdardo,22,9,13
37,Salamanca,369,Villaseco de los Gamitos,215,109,106
37,Salamanca,370,Villaseco de los Reyes,436,224,212
37,Salamanca,371,Villasrubias,355,193,162
37,Salamanca,372,Villaverde de Guareña,193,94,99
37,Salamanca,373,Villavieja de Yeltes,1119,558,561
37,Salamanca,374,Villoria,1400,700,700
37,Salamanca,375,Villoruela,1018,507,511
37,Salamanca,376,Vitigudino,3128,1535,1593
37,Salamanca,377,Yecla de Yeltes,357,176,181
37,Salamanca,378,Zamarra,153,81,72
37,Salamanca,379,Zamayón,208,118,90
37,Salamanca,380,Zarapicos,67,38,29
37,Salamanca,381,Zarza de Pumareda (La),198,110,88
37,Salamanca,382,Zorita de la Frontera,278,153,125
38,Santa Cruz de Tenerife,1,Adeje,14007,7023,6984
38,Santa Cruz de Tenerife,2,Agulo,1143,563,580
38,Santa Cruz de Tenerife,3,Alajeró,1343,719,624
38,Santa Cruz de Tenerife,4,Arafo,4802,2322,2480
38,Santa Cruz de Tenerife,5,Arico,5644,2902,2742
38,Santa Cruz de Tenerife,6,Arona,38416,19420,18996
38,Santa Cruz de Tenerife,7,Barlovento,2398,1204,1194
38,Santa Cruz de Tenerife,8,Breña Alta,5898,2906,2992
38,Santa Cruz de Tenerife,9,Breña Baja,4051,2044,2007
38,Santa Cruz de Tenerife,10,Buenavista del Norte,5140,2617,2523
38,Santa Cruz de Tenerife,11,Candelaria,13294,6606,6688
38,Santa Cruz de Tenerife,12,Fasnia,2554,1305,1249
38,Santa Cruz de Tenerife,13,Frontera,4892,2480,2412
38,Santa Cruz de Tenerife,14,Fuencaliente de la Palma,1800,918,882
38,Santa Cruz de Tenerife,15,Garachico,5492,2710,2782
38,Santa Cruz de Tenerife,16,Garafía,2007,1023,984
38,Santa Cruz de Tenerife,17,Granadilla de Abona,20323,10264,10059
38,Santa Cruz de Tenerife,18,Guancha (La),5269,2613,2656
38,Santa Cruz de Tenerife,19,Guía de Isora,14674,7286,7388
38,Santa Cruz de Tenerife,20,Güímar,14646,7203,7443
38,Santa Cruz de Tenerife,21,Hermigua,2131,1093,1038
38,Santa Cruz de Tenerife,22,Icod de los Vinos,19977,9799,10178
38,Santa Cruz de Tenerife,23,San Cristóbal de La Laguna,126543,62089,64454
38,Santa Cruz de Tenerife,24,Llanos de Aridane (Los),18190,8971,9219
38,Santa Cruz de Tenerife,25,Matanza de Acentejo (La),7000,3549,3451
38,Santa Cruz de Tenerife,26,Orotava (La),38348,19003,19345
38,Santa Cruz de Tenerife,27,Paso (El),7289,3702,3587
38,Santa Cruz de Tenerife,28,Puerto de la Cruz,24988,12023,12965
38,Santa Cruz de Tenerife,29,Puntagorda,1785,883,902
38,Santa Cruz de Tenerife,30,Puntallana,2204,1087,1117
38,Santa Cruz de Tenerife,31,Realejos (Los),34147,16880,17267
38,Santa Cruz de Tenerife,32,Rosario (El),12696,6409,6287
38,Santa Cruz de Tenerife,33,San Andrés y Sauces,5229,2650,2579
38,Santa Cruz de Tenerife,34,San Juan de la Rambla,4345,2150,2195
38,Santa Cruz de Tenerife,35,San Miguel de Abona,7315,3708,3607
38,Santa Cruz de Tenerife,36,San Sebastián de la Gomera,7001,3542,3459
38,Santa Cruz de Tenerife,37,Santa Cruz de la Palma,18204,8866,9338
38,Santa Cruz de Tenerife,38,Santa Cruz de Tenerife,215132,103642,111490
38,Santa Cruz de Tenerife,39,Santa Úrsula,10529,5273,5256
38,Santa Cruz de Tenerife,40,Santiago del Teide,8863,4507,4356
38,Santa Cruz de Tenerife,41,Sauzal (El),7443,3723,3720
38,Santa Cruz de Tenerife,42,Silos (Los),5066,2488,2578
38,Santa Cruz de Tenerife,43,Tacoronte,20800,10464,10336
38,Santa Cruz de Tenerife,44,Tanque (El),3000,1523,1477
38,Santa Cruz de Tenerife,45,Tazacorte,6147,3095,3052
38,Santa Cruz de Tenerife,46,Tegueste,9226,4574,4652
38,Santa Cruz de Tenerife,47,Tijarafe,2672,1353,1319
38,Santa Cruz de Tenerife,48,Valverde,3641,1822,1819
38,Santa Cruz de Tenerife,49,Valle Gran Rey,4002,2046,1956
38,Santa Cruz de Tenerife,50,Vallehermoso,2680,1354,1326
38,Santa Cruz de Tenerife,51,Victoria de Acentejo (La),8052,3988,4064
38,Santa Cruz de Tenerife,52,Vilaflor,1634,816,818
38,Santa Cruz de Tenerife,53,Villa de Mazo,4609,2329,2280
39,Cantabria,1,Alfoz de Lloredo,2614,1327,1287
39,Cantabria,2,Ampuero,3491,1765,1726
39,Cantabria,3,Anievas,381,193,188
39,Cantabria,4,Arenas de Iguña,2041,1019,1022
39,Cantabria,5,Argoños,868,448,420
39,Cantabria,6,Arnuero,1783,900,883
39,Cantabria,7,Arredondo,635,355,280
39,Cantabria,8,Astillero (El),13348,6437,6911
39,Cantabria,9,Bárcena de Cicero,2334,1178,1156
39,Cantabria,10,Bárcena de Pie de Concha,922,452,470
39,Cantabria,11,Bareyo,1708,874,834
39,Cantabria,12,Cabezón de la Sal,7182,3539,3643
39,Cantabria,13,Cabezón de Liébana,679,370,309
39,Cantabria,14,Cabuérniga,1083,551,532
39,Cantabria,15,Camaleño,1101,574,527
39,Cantabria,16,Camargo,22749,11122,11627
39,Cantabria,17,Campoo de Yuso,739,368,371
39,Cantabria,18,Cartes,3415,1728,1687
39,Cantabria,19,Castañeda,1423,695,728
39,Cantabria,20,Castro-Urdiales,18719,9351,9368
39,Cantabria,21,Cieza,682,329,353
39,Cantabria,22,Cillorigo de Liébana,1103,589,514
39,Cantabria,23,Colindres,6577,3306,3271
39,Cantabria,24,Comillas,2359,1121,1238
39,Cantabria,25,Corrales de Buelna (Los),10718,5361,5357
39,Cantabria,26,Corvera de Toranzo,2046,1023,1023
39,Cantabria,27,Campoo de Enmedio,3972,2016,1956
39,Cantabria,28,Entrambasaguas,2473,1239,1234
39,Cantabria,29,Escalante,754,393,361
39,Cantabria,30,Guriezo,1730,906,824
39,Cantabria,31,Hazas de Cesto,1260,646,614
39,Cantabria,32,Hermandad de Campoo de Suso,1895,1026,869
39,Cantabria,33,Herrerías,786,435,351
39,Cantabria,34,Lamasón,393,221,172
39,Cantabria,35,Laredo,12634,6117,6517
39,Cantabria,36,Liendo,831,430,401
39,Cantabria,37,Liérganes,2270,1118,1152
39,Cantabria,38,Limpias,1344,679,665
39,Cantabria,39,Luena,956,503,453
39,Cantabria,40,Marina de Cudeyo,4765,2391,2374
39,Cantabria,41,Mazcuerras,1869,996,873
39,Cantabria,42,Medio Cudeyo,6087,2979,3108
39,Cantabria,43,Meruelo,1121,564,557
39,Cantabria,44,Miengo,3544,1763,1781
39,Cantabria,45,Miera,532,265,267
39,Cantabria,46,Molledo,1935,925,1010
39,Cantabria,47,Noja,2019,1005,1014
39,Cantabria,48,Penagos,1633,804,829
39,Cantabria,49,Peñarrubia,284,142,142
39,Cantabria,50,Pesaguero,402,216,186
39,Cantabria,51,Pesquera,95,47,48
39,Cantabria,52,Piélagos,11862,5880,5982
39,Cantabria,53,Polaciones,294,179,115
39,Cantabria,54,Polanco,3574,1722,1852
39,Cantabria,55,Potes,1573,772,801
39,Cantabria,56,Puente Viesgo,2358,1178,1180
39,Cantabria,57,Ramales de la Victoria,2228,1154,1074
39,Cantabria,58,Rasines,963,494,469
39,Cantabria,59,Reinosa,11193,5398,5795
39,Cantabria,60,Reocín,6900,3441,3459
39,Cantabria,61,Ribamontán al Mar,3651,1876,1775
39,Cantabria,62,Ribamontán al Monte,1991,1029,962
39,Cantabria,63,Rionansa,1444,808,636
39,Cantabria,64,Riotuerto,1509,725,784
39,Cantabria,65,Rozas de Valdearroyo (Las),325,182,143
39,Cantabria,66,Ruente,955,513,442
39,Cantabria,67,Ruesga,1224,632,592
39,Cantabria,68,Ruiloba,721,365,356
39,Cantabria,69,San Felices de Buelna,2168,1047,1121
39,Cantabria,70,San Miguel de Aguayo,158,85,73
39,Cantabria,71,San Pedro del Romeral,645,331,314
39,Cantabria,72,San Roque de Riomiera,528,301,227
39,Cantabria,73,Santa Cruz de Bezana,7890,3895,3995
39,Cantabria,74,Santa María de Cayón,6354,3185,3169
39,Cantabria,75,Santander,184264,86324,97940
39,Cantabria,76,Santillana del Mar,3909,1916,1993
39,Cantabria,77,Santiurde de Reinosa,321,174,147
39,Cantabria,78,Santiurde de Toranzo,1627,819,808
39,Cantabria,79,Santoña,11556,5833,5723
39,Cantabria,80,San Vicente de la Barquera,4412,2244,2168
39,Cantabria,81,Saro,527,265,262
39,Cantabria,82,Selaya,2010,1024,986
39,Cantabria,83,Soba,1677,876,801
39,Cantabria,84,Solórzano,995,508,487
39,Cantabria,85,Suances,6456,3184,3272
39,Cantabria,86,Tojos (Los),398,215,183
39,Cantabria,87,Torrelavega,56189,26988,29201
39,Cantabria,88,Tresviso,60,35,25
39,Cantabria,89,Tudanca,269,165,104
39,Cantabria,90,Udías,843,430,413
39,Cantabria,91,Valdáliga,2541,1307,1234
39,Cantabria,92,Valdeolea,1503,768,735
39,Cantabria,93,Valdeprado del Río,312,164,148
39,Cantabria,94,Valderredible,1261,662,599
39,Cantabria,95,Val de San Vicente,2560,1314,1246
39,Cantabria,96,Vega de Liébana,999,541,458
39,Cantabria,97,Vega de Pas,1004,520,484
39,Cantabria,98,Villacarriedo,1758,916,842
39,Cantabria,99,Villaescusa,3177,1565,1612
39,Cantabria,100,Villafufre,1145,599,546
39,Cantabria,101,Villaverde de Trucíos,367,187,180
39,Cantabria,102,Voto,2227,1146,1081
40,Segovia,1,Abades,848,427,421
40,Segovia,2,Adrada de Pirón,60,34,26
40,Segovia,3,Adrados,212,108,104
40,Segovia,4,Aguilafuente,802,391,411
40,Segovia,5,Alconada de Maderuelo,55,32,23
40,Segovia,6,Aldealcorvo,30,14,16
40,Segovia,7,Aldealengua de Pedraza,92,50,42
40,Segovia,8,Aldealengua de Santa María,90,46,44
40,Segovia,9,Aldeanueva de la Serrezuela,49,29,20
40,Segovia,10,Aldeanueva del Codonal,212,110,102
40,Segovia,12,Aldea Real,390,207,183
40,Segovia,13,Aldeasoña,106,50,56
40,Segovia,14,Aldehorno,81,43,38
40,Segovia,15,Aldehuela del Codonal,53,26,27
40,Segovia,16,Aldeonte,91,45,46
40,Segovia,17,Anaya,132,69,63
40,Segovia,18,Añe,121,63,58
40,Segovia,19,Arahuetes,45,24,21
40,Segovia,20,Arcones,248,130,118
40,Segovia,21,Arevalillo de Cega,44,20,24
40,Segovia,22,Armuña,261,146,115
40,Segovia,24,Ayllón,1216,606,610
40,Segovia,25,Barbolla,221,118,103
40,Segovia,26,Basardilla,100,49,51
40,Segovia,28,Bercial,131,61,70
40,Segovia,29,Bercimuel,88,40,48
40,Segovia,30,Bernardos,712,362,350
40,Segovia,31,Bernuy de Porreros,309,158,151
40,Segovia,32,Boceguillas,553,278,275
40,Segovia,33,Brieva,71,44,27
40,Segovia,34,Caballar,96,47,49
40,Segovia,35,Cabañas de Polendos,117,59,58
40,Segovia,36,Cabezuela,721,381,340
40,Segovia,37,Calabazas de Fuentidueña,76,37,39
40,Segovia,39,Campo de San Pedro,385,221,164
40,Segovia,40,Cantalejo,3463,1756,1707
40,Segovia,41,Cantimpalos,1275,653,622
40,Segovia,43,Carbonero el Mayor,2299,1161,1138
40,Segovia,44,Carrascal del Río,210,112,98
40,Segovia,45,Casla,155,82,73
40,Segovia,46,Castillejo de Mesleón,120,60,60
40,Segovia,47,Castro de Fuentidueña,91,50,41
40,Segovia,48,Castrojimeno,45,26,19
40,Segovia,49,Castroserna de Abajo,63,36,27
40,Segovia,51,Castroserracín,67,38,29
40,Segovia,52,Cedillo de la Torre,124,60,64
40,Segovia,53,Cerezo de Abajo,170,83,87
40,Segovia,54,Cerezo de Arriba,201,102,99
40,Segovia,55,Cilleruelo de San Mamés,48,21,27
40,Segovia,56,Cobos de Fuentidueña,68,29,39
40,Segovia,57,Coca,1968,968,1000
40,Segovia,58,Codorniz,471,227,244
40,Segovia,59,Collado Hermoso,152,74,78
40,Segovia,60,Condado de Castilnovo,124,67,57
40,Segovia,61,Corral de Ayllón,109,57,52
40,Segovia,62,Cubillo,55,32,23
40,Segovia,63,Cuéllar,9044,4599,4445
40,Segovia,65,Chañe,720,386,334
40,Segovia,68,Domingo García,49,25,24
40,Segovia,69,Donhierro,105,58,47
40,Segovia,70,Duruelo,136,72,64
40,Segovia,71,Encinas,72,34,38
40,Segovia,72,Encinillas,75,41,34
40,Segovia,73,Escalona del Prado,589,313,276
40,Segovia,74,Escarabajosa de Cabezas,380,202,178
40,Segovia,75,Escobar de Polendos,234,121,113
40,Segovia,76,Espinar (El),6225,3178,3047
40,Segovia,77,Espirdo,215,119,96
40,Segovia,78,Fresneda de Cuéllar,246,130,116
40,Segovia,79,Fresno de Cantespino,249,133,116
40,Segovia,80,Fresno de la Fuente,78,39,39
40,Segovia,81,Frumales,201,104,97
40,Segovia,82,Fuente de Santa Cruz,194,97,97
40,Segovia,83,Fuente el Olmo de Fuentidueña,146,73,73
40,Segovia,84,Fuente el Olmo de Íscar,106,57,49
40,Segovia,86,Fuentepelayo,953,479,474
40,Segovia,87,Fuentepiñel,181,91,90
40,Segovia,88,Fuenterrebollo,447,223,224
40,Segovia,89,Fuentesaúco de Fuentidueña,325,172,153
40,Segovia,91,Fuentesoto,172,92,80
40,Segovia,92,Fuentidueña,181,93,88
40,Segovia,93,Gallegos,110,55,55
40,Segovia,94,Garcillán,359,191,168
40,Segovia,95,Gomezserracín,662,344,318
40,Segovia,97,Grajera,97,52,45
40,Segovia,99,Honrubia de la Cuesta,74,33,41
40,Segovia,100,Hontalbilla,429,223,206
40,Segovia,101,Hontanares de Eresma,165,92,73
40,Segovia,103,Huertos (Los),166,79,87
40,Segovia,104,Ituero y Lama,82,47,35
40,Segovia,105,Juarros de Riomoros,76,43,33
40,Segovia,106,Juarros de Voltoya,309,160,149
40,Segovia,107,Labajos,157,88,69
40,Segovia,108,Laguna de Contreras,176,95,81
40,Segovia,109,Languilla,125,73,52
40,Segovia,110,Lastras de Cuéllar,555,298,257
40,Segovia,111,Lastras del Pozo,83,43,40
40,Segovia,112,Lastrilla (La),1716,845,871
40,Segovia,113,Losa (La),366,192,174
40,Segovia,115,Maderuelo,163,82,81
40,Segovia,118,Marazuela,82,43,39
40,Segovia,119,Martín Miguel,201,101,100
40,Segovia,120,Martín Muñoz de la Dehesa,188,101,87
40,Segovia,121,Martín Muñoz de las Posadas,493,240,253
40,Segovia,122,Marugán,319,166,153
40,Segovia,123,Matabuena,216,113,103
40,Segovia,124,Mata de Cuéllar,327,180,147
40,Segovia,125,Matilla (La),116,60,56
40,Segovia,126,Melque de Cercos,119,56,63
40,Segovia,127,Membibre de la Hoz,75,39,36
40,Segovia,128,Migueláñez,179,85,94
40,Segovia,129,Montejo de Arévalo,294,157,137
40,Segovia,130,Montejo de la Vega de la Serrezuela,178,96,82
40,Segovia,131,Monterrubio,66,34,32
40,Segovia,132,Moral de Hornuez,105,60,45
40,Segovia,134,Mozoncillo,1019,529,490
40,Segovia,135,Muñopedro,387,196,191
40,Segovia,136,Muñoveros,194,105,89
40,Segovia,138,Nava de la Asunción,2621,1329,1292
40,Segovia,139,Navafría,368,195,173
40,Segovia,140,Navalilla,150,73,77
40,Segovia,141,Navalmanzano,1127,582,545
40,Segovia,142,Navares de Ayuso,86,43,43
40,Segovia,143,Navares de Enmedio,155,84,71
40,Segovia,144,Navares de las Cuevas,22,12,10
40,Segovia,145,Navas de Oro,1460,738,722
40,Segovia,146,Navas de San Antonio,285,147,138
40,Segovia,148,Nieva,379,202,177
40,Segovia,149,Olombrada,813,425,388
40,Segovia,150,Orejana,115,64,51
40,Segovia,151,Ortigosa de Pestaño,87,45,42
40,Segovia,152,Otero de Herreros,862,418,444
40,Segovia,154,Pajarejos,46,20,26
40,Segovia,155,Palazuelos de Eresma,3123,1602,1521
40,Segovia,156,Pedraza,467,248,219
40,Segovia,157,Pelayos del Arroyo,45,23,22
40,Segovia,158,Perosillo,32,20,12
40,Segovia,159,Pinarejos,197,112,85
40,Segovia,160,Pinarnegrillo,192,99,93
40,Segovia,161,Pradales,73,38,35
40,Segovia,162,Prádena,565,305,260
40,Segovia,163,Puebla de Pedraza,90,46,44
40,Segovia,164,Rapariegos,268,134,134
40,Segovia,165,Rebollo,132,71,61
40,Segovia,166,Remondo,368,172,196
40,Segovia,168,Riaguas de San Bartolomé,95,50,45
40,Segovia,170,Riaza,1680,903,777
40,Segovia,171,Ribota,40,26,14
40,Segovia,172,Riofrío de Riaza,50,26,24
40,Segovia,173,Roda de Eresma,111,55,56
40,Segovia,174,Sacramenia,560,288,272
40,Segovia,176,Samboal,590,300,290
40,Segovia,177,San Cristóbal de Cuéllar,222,110,112
40,Segovia,178,San Cristóbal de la Vega,161,77,84
40,Segovia,179,Sanchonuño,738,360,378
40,Segovia,180,Sangarcía,471,240,231
40,Segovia,181,San Ildefonso,5144,2508,2636
40,Segovia,182,San Martín y Mudrián,284,143,141
40,Segovia,183,San Miguel de Bernuy,175,88,87
40,Segovia,184,San Pedro de Gaíllos,344,171,173
40,Segovia,185,Santa María la Real de Nieva,1439,735,704
40,Segovia,186,Santa Marta del Cerro,51,28,23
40,Segovia,188,Santiuste de Pedraza,102,55,47
40,Segovia,189,Santiuste de San Juan Bautista,775,399,376
40,Segovia,190,Santo Domingo de Pirón,65,32,33
40,Segovia,191,Santo Tomé del Puerto,328,173,155
40,Segovia,192,Sauquillo de Cabezas,245,137,108
40,Segovia,193,Sebúlcor,279,150,129
40,Segovia,194,Segovia,54034,25963,28071
40,Segovia,195,Sepúlveda,1318,674,644
40,Segovia,196,Sequera de Fresno,51,27,24
40,Segovia,198,Sotillo,42,19,23
40,Segovia,199,Sotosalbos,124,69,55
40,Segovia,200,Tabanera la Luenga,67,34,33
40,Segovia,201,Tolocirio,62,27,35
40,Segovia,202,Torreadrada,135,66,69
40,Segovia,203,Torrecaballeros,518,265,253
40,Segovia,204,Torrecilla del Pinar,318,155,163
40,Segovia,205,Torreiglesias,397,205,192
40,Segovia,206,Torre Val de San Pedro,191,106,85
40,Segovia,207,Trescasas,328,169,159
40,Segovia,208,Turégano,1078,541,537
40,Segovia,210,Urueñas,122,67,55
40,Segovia,211,Valdeprados,63,30,33
40,Segovia,212,Valdevacas de Montejo,33,19,14
40,Segovia,213,Valdevacas y Guijar,147,77,70
40,Segovia,214,Valseca,294,151,143
40,Segovia,215,Valtiendas,194,110,84
40,Segovia,216,Valverde del Majano,501,257,244
40,Segovia,218,Valle de Tabladillo,161,81,80
40,Segovia,219,Vallelado,839,426,413
40,Segovia,220,Valleruela de Pedraza,75,42,33
40,Segovia,221,Valleruela de Sepúlveda,75,36,39
40,Segovia,222,Veganzones,286,143,143
40,Segovia,223,Vegas de Matute,242,138,104
40,Segovia,224,Ventosilla y Tejadilla,28,19,9
40,Segovia,225,Villacastín,1506,765,741
40,Segovia,228,Villaverde de Íscar,722,369,353
40,Segovia,229,Villaverde de Montejo,67,35,32
40,Segovia,230,Villeguillo,176,94,82
40,Segovia,231,Yanguas de Eresma,190,92,98
40,Segovia,233,Zarzuela del Monte,531,267,264
40,Segovia,234,Zarzuela del Pinar,602,316,286
40,Segovia,901,Ortigosa del Monte,335,169,166
40,Segovia,902,Cozuelos de Fuentidueña,193,99,94
40,Segovia,903,Marazoleja,151,86,65
40,Segovia,904,Navas de Riofrío,282,136,146
40,Segovia,905,Cuevas de Provanco,211,109,102
41,Sevilla,1,Aguadulce,1958,980,978
41,Sevilla,2,Alanís,2014,1003,1011
41,Sevilla,3,Albaida del Aljarafe,1820,918,902
41,Sevilla,4,Alcalá de Guadaira,57206,28348,28858
41,Sevilla,5,Alcalá del Río,9301,4715,4586
41,Sevilla,6,Alcolea del Río,3392,1665,1727
41,Sevilla,7,Algaba (La),12916,6497,6419
41,Sevilla,8,Algámitas,1373,714,659
41,Sevilla,9,Almadén de la Plata,1764,899,865
41,Sevilla,10,Almensilla,3110,1580,1530
41,Sevilla,11,Arahal,18501,9151,9350
41,Sevilla,12,Aznalcázar,3518,1774,1744
41,Sevilla,13,Aznalcóllar,5820,2966,2854
41,Sevilla,14,Badolatosa,3171,1642,1529
41,Sevilla,15,Benacazón,5021,2542,2479
41,Sevilla,16,Bollullos de la Mitación,5009,2534,2475
41,Sevilla,17,Bormujos,9462,4689,4773
41,Sevilla,18,Brenes,10666,5327,5339
41,Sevilla,19,Burguillos,3514,1766,1748
41,Sevilla,20,Cabezas de San Juan (Las),15676,8059,7617
41,Sevilla,21,Camas,25333,12396,12937
41,Sevilla,22,Campana (La),5169,2593,2576
41,Sevilla,23,Cantillana,8947,4499,4448
41,Sevilla,24,Carmona,25723,12959,12764
41,Sevilla,25,Carrión de los Céspedes,2331,1117,1214
41,Sevilla,26,Casariche,5200,2623,2577
41,Sevilla,27,Castilblanco de los Arroyos,4458,2221,2237
41,Sevilla,28,Castilleja de Guzmán,1447,750,697
41,Sevilla,29,Castilleja de la Cuesta,16059,7894,8165
41,Sevilla,30,Castilleja del Campo,617,307,310
41,Sevilla,31,Castillo de las Guardas (El),1609,817,792
41,Sevilla,32,Cazalla de la Sierra,5177,2580,2597
41,Sevilla,33,Constantina,7145,3505,3640
41,Sevilla,34,Coria del Río,23935,11981,11954
41,Sevilla,35,Coripe,1541,790,751
41,Sevilla,36,Coronil (El),5132,2593,2539
41,Sevilla,37,Corrales (Los),4141,2112,2029
41,Sevilla,38,Dos Hermanas,97324,48254,49070
41,Sevilla,39,Écija,37652,18549,19103
41,Sevilla,40,Espartinas,5092,2601,2491
41,Sevilla,41,Estepa,11721,5777,5944
41,Sevilla,42,Fuentes de Andalucía,7461,3688,3773
41,Sevilla,43,Garrobo (El),772,386,386
41,Sevilla,44,Gelves,6009,2955,3054
41,Sevilla,45,Gerena,5509,2752,2757
41,Sevilla,46,Gilena,3835,1946,1889
41,Sevilla,47,Gines,9895,4877,5018
41,Sevilla,48,Guadalcanal,2970,1474,1496
41,Sevilla,49,Guillena,8406,4243,4163
41,Sevilla,50,Herrera,6046,2973,3073
41,Sevilla,51,Huévar del Aljarafe,2271,1175,1096
41,Sevilla,52,Lantejuela (La),3609,1847,1762
41,Sevilla,53,Lebrija,24172,12191,11981
41,Sevilla,54,Lora de Estepa,781,391,390
41,Sevilla,55,Lora del Río,18848,9306,9542
41,Sevilla,56,Luisiana (La),4344,2215,2129
41,Sevilla,57,Madroño (El),364,183,181
41,Sevilla,58,Mairena del Alcor,16649,8290,8359
41,Sevilla,59,Mairena del Aljarafe,33914,17022,16892
41,Sevilla,60,Marchena,18086,8903,9183
41,Sevilla,61,Marinaleda,2634,1303,1331
41,Sevilla,62,Martín de la Jara,2747,1440,1307
41,Sevilla,63,Molares (Los),2674,1344,1330
41,Sevilla,64,Montellano,6829,3451,3378
41,Sevilla,65,Morón de la Frontera,28000,13884,14116
41,Sevilla,66,Navas de la Concepción (Las),1888,945,943
41,Sevilla,67,Olivares,7793,3918,3875
41,Sevilla,68,Osuna,17290,8540,8750
41,Sevilla,69,Palacios y Villafranca (Los),32762,16561,16201
41,Sevilla,70,Palomares del Río,3759,1919,1840
41,Sevilla,71,Paradas,7028,3528,3500
41,Sevilla,72,Pedrera,5008,2501,2507
41,Sevilla,73,Pedroso (El),2380,1178,1202
41,Sevilla,74,Peñaflor,3832,1941,1891
41,Sevilla,75,Pilas,11289,5567,5722
41,Sevilla,76,Pruna,3264,1659,1605
41,Sevilla,77,Puebla de Cazalla (La),10691,5356,5335
41,Sevilla,78,Puebla de los Infantes (La),3462,1739,1723
41,Sevilla,79,Puebla del Río (La),10688,5329,5359
41,Sevilla,80,Real de la Jara (El),1706,823,883
41,Sevilla,81,Rinconada (La),28487,14391,14096
41,Sevilla,82,Roda de Andalucía (La),4193,2073,2120
41,Sevilla,83,Ronquillo (El),1421,712,709
41,Sevilla,84,Rubio (El),3719,1858,1861
41,Sevilla,85,Salteras,3064,1529,1535
41,Sevilla,86,San Juan de Aznalfarache,20187,9767,10420
41,Sevilla,87,Sanlúcar la Mayor,10951,5441,5510
41,Sevilla,88,San Nicolás del Puerto,716,368,348
41,Sevilla,89,Santiponce,7000,3509,3491
41,Sevilla,90,Saucejo (El),4266,2115,2151
41,Sevilla,91,Sevilla,700716,334445,366271
41,Sevilla,92,Tocina,8851,4380,4471
41,Sevilla,93,Tomares,17842,8820,9022
41,Sevilla,94,Umbrete,4901,2460,2441
41,Sevilla,95,Utrera,46084,23070,23014
41,Sevilla,96,Valencina de la Concepción,6750,3379,3371
41,Sevilla,97,Villamanrique de la Condesa,3805,1864,1941
41,Sevilla,98,Villanueva del Ariscal,4750,2303,2447
41,Sevilla,99,Villanueva del Río y Minas,5467,2631,2836
41,Sevilla,100,Villanueva de San Juan,1527,759,768
41,Sevilla,101,Villaverde del Río,6632,3367,3265
41,Sevilla,102,Viso del Alcor (El),16170,8178,7992
41,Sevilla,901,Cañada Rosal,2988,1478,1510
41,Sevilla,902,Villafranco del Guadalquivir,6057,3035,3022
41,Sevilla,903,Cuervo de Sevilla (El),7743,3912,3831
42,Soria,1,Abejar,359,189,170
42,Soria,3,Adradas,98,53,45
42,Soria,4,Ágreda,3260,1607,1653
42,Soria,6,Alconaba,179,100,79
42,Soria,7,Alcubilla de Avellaneda,228,113,115
42,Soria,8,Alcubilla de las Peñas,103,52,51
42,Soria,9,Aldealafuente,153,76,77
42,Soria,10,Aldealices,33,16,17
42,Soria,11,Aldealpozo,31,14,17
42,Soria,12,Aldealseñor,51,31,20
42,Soria,13,Aldehuela de Periáñez,43,22,21
42,Soria,14,Aldehuelas (Las),120,67,53
42,Soria,15,Alentisque,43,19,24
42,Soria,16,Aliud,38,19,19
42,Soria,17,Almajano,177,88,89
42,Soria,18,Almaluez,303,160,143
42,Soria,19,Almarza,615,337,278
42,Soria,20,Almazán,5795,2881,2914
42,Soria,21,Almazul,167,86,81
42,Soria,22,Almenar de Soria,387,207,180
42,Soria,23,Alpanseque,105,53,52
42,Soria,24,Arancón,118,65,53
42,Soria,25,Arcos de Jalón,1856,941,915
42,Soria,26,Arenillas,44,25,19
42,Soria,27,Arévalo de la Sierra,102,56,46
42,Soria,28,Ausejo de la Sierra,61,30,31
42,Soria,29,Baraona,232,126,106
42,Soria,30,Barca,139,79,60
42,Soria,31,Barcones,46,25,21
42,Soria,32,Bayubas de Abajo,278,147,131
42,Soria,33,Bayubas de Arriba,81,40,41
42,Soria,34,Beratón,34,27,7
42,Soria,35,Berlanga de Duero,1148,583,565
42,Soria,36,Blacos,61,38,23
42,Soria,37,Bliecos,57,32,25
42,Soria,38,Borjabad,61,34,27
42,Soria,39,Borobia,381,185,196
42,Soria,41,Buberos,49,24,25
42,Soria,42,Buitrago,55,25,30
42,Soria,43,Burgo de Osma-Ciudad de Osma,4966,2440,2526
42,Soria,44,Cabrejas del Campo,87,49,38
42,Soria,45,Cabrejas del Pinar,466,251,215
42,Soria,46,Calatañazor,75,43,32
42,Soria,48,Caltojar,124,65,59
42,Soria,49,Candilichera,235,117,118
42,Soria,50,Cañamaque,45,26,19
42,Soria,51,Carabantes,37,17,20
42,Soria,52,Caracena,23,16,7
42,Soria,53,Carrascosa de Abajo,39,20,19
42,Soria,54,Carrascosa de la Sierra,14,7,7
42,Soria,55,Casarejos,258,133,125
42,Soria,56,Castilfrío de la Sierra,29,18,11
42,Soria,57,Castilruiz,323,162,161
42,Soria,58,Castillejo de Robledo,193,101,92
42,Soria,59,Centenera de Andaluz,29,10,19
42,Soria,60,Cerbón,50,28,22
42,Soria,61,Cidones,341,190,151
42,Soria,62,Cigudosa,76,45,31
42,Soria,63,Cihuela,105,50,55
42,Soria,64,Ciria,112,52,60
42,Soria,65,Cirujales del Río,41,22,19
42,Soria,68,Coscurita,141,82,59
42,Soria,69,Covaleda,2043,1034,1009
42,Soria,70,Cubilla,73,40,33
42,Soria,71,Cubo de la Solana,250,137,113
42,Soria,73,Cueva de Ágreda,101,51,50
42,Soria,75,Dévanos,133,71,62
42,Soria,76,Deza,388,195,193
42,Soria,78,Duruelo de la Sierra,1452,724,728
42,Soria,79,Escobosa de Almazán,41,24,17
42,Soria,80,Espeja de San Marcelino,259,142,117
42,Soria,81,Espejón,225,111,114
42,Soria,82,Estepa de San Juan,15,8,7
42,Soria,83,Frechilla de Almazán,49,25,24
42,Soria,84,Fresno de Caracena,55,31,24
42,Soria,85,Fuentearmegil,343,184,159
42,Soria,86,Fuentecambrón,76,40,36
42,Soria,87,Fuentecantos,53,27,26
42,Soria,88,Fuentelmonge,139,69,70
42,Soria,89,Fuentelsaz de Soria,60,21,39
42,Soria,90,Fuentepinilla,154,87,67
42,Soria,92,Fuentes de Magaña,99,47,52
42,Soria,93,Fuentestrún,77,45,32
42,Soria,94,Garray,431,231,200
42,Soria,95,Golmayo,765,437,328
42,Soria,96,Gómara,477,246,231
42,Soria,97,Gormaz,17,7,10
42,Soria,98,Herrera de Soria,23,16,7
42,Soria,100,Hinojosa del Campo,48,30,18
42,Soria,103,Langa de Duero,932,505,427
42,Soria,105,Liceras,62,33,29
42,Soria,106,Losilla (La),20,12,8
42,Soria,107,Magaña,103,52,51
42,Soria,108,Maján,18,10,8
42,Soria,110,Matalebreras,121,63,58
42,Soria,111,Matamala de Almazán,403,206,197
42,Soria,113,Medinaceli,701,354,347
42,Soria,115,Miño de Medinaceli,114,54,60
42,Soria,116,Miño de San Esteban,94,54,40
42,Soria,117,Molinos de Duero,192,103,89
42,Soria,118,Momblona,40,23,17
42,Soria,119,Monteagudo de las Vicarías,304,150,154
42,Soria,120,Montejo de Tiermes,251,140,111
42,Soria,121,Montenegro de Cameros,113,62,51
42,Soria,123,Morón de Almazán,281,132,149
42,Soria,124,Muriel de la Fuente,84,48,36
42,Soria,125,Muriel Viejo,79,36,43
42,Soria,127,Nafría de Ucero,86,43,43
42,Soria,128,Narros,52,27,25
42,Soria,129,Navaleno,959,484,475
42,Soria,130,Nepas,87,51,36
42,Soria,131,Nolay,95,49,46
42,Soria,132,Noviercas,242,117,125
42,Soria,134,Ólvega,3298,1712,1586
42,Soria,135,Oncala,106,59,47
42,Soria,139,Pinilla del Campo,24,13,11
42,Soria,140,Portillo de Soria,21,12,9
42,Soria,141,Póveda de Soria (La),121,63,58
42,Soria,142,Pozalmuro,108,52,56
42,Soria,144,Quintana Redonda,568,298,270
42,Soria,145,Quintanas de Gormaz,199,104,95
42,Soria,148,Quiñonería,15,5,10
42,Soria,149,Rábanos (Los),414,237,177
42,Soria,151,Rebollar,52,29,23
42,Soria,152,Recuerda,115,58,57
42,Soria,153,Rello,42,19,23
42,Soria,154,Renieblas,122,65,57
42,Soria,155,Retortillo de Soria,241,132,109
42,Soria,156,Reznos,42,26,16
42,Soria,157,Riba de Escalote (La),29,17,12
42,Soria,158,Rioseco de Soria,145,72,73
42,Soria,159,Rollamienta,45,26,19
42,Soria,160,Royo (El),335,166,169
42,Soria,161,Salduero,193,105,88
42,Soria,162,San Esteban de Gormaz,3348,1702,1646
42,Soria,163,San Felices,85,43,42
42,Soria,164,San Leonardo de Yagüe,2070,1057,1013
42,Soria,165,San Pedro Manrique,487,261,226
42,Soria,166,Santa Cruz de Yanguas,61,36,25
42,Soria,167,Santa María de Huerta,449,235,214
42,Soria,168,Santa María de las Hoyas,206,111,95
42,Soria,171,Serón de Nágima,260,135,125
42,Soria,172,Soliedra,40,25,15
42,Soria,173,Soria,34088,16203,17885
42,Soria,174,Sotillo del Rincón,230,117,113
42,Soria,175,Suellacabras,38,21,17
42,Soria,176,Tajahuerce,47,22,25
42,Soria,177,Tajueco,122,64,58
42,Soria,178,Talveila,199,104,95
42,Soria,181,Tardelcuende,636,319,317
42,Soria,182,Taroda,81,41,40
42,Soria,183,Tejado,219,111,108
42,Soria,184,Torlengua,110,54,56
42,Soria,185,Torreblacos,37,19,18
42,Soria,187,Torrubia de Soria,95,53,42
42,Soria,188,Trévago,76,31,45
42,Soria,189,Ucero,111,58,53
42,Soria,190,Vadillo,147,78,69
42,Soria,191,Valdeavellano de Tera,256,127,129
42,Soria,192,Valdegeña,48,28,20
42,Soria,193,Valdelagua del Cerro,27,15,12
42,Soria,194,Valdemaluque,305,152,153
42,Soria,195,Valdenebro,144,75,69
42,Soria,196,Valdeprado,19,9,10
42,Soria,197,Valderrodilla,123,62,61
42,Soria,198,Valtajeros,30,16,14
42,Soria,200,Velamazán,147,82,65
42,Soria,201,Velilla de la Sierra,22,10,12
42,Soria,202,Velilla de los Ajos,45,27,18
42,Soria,204,Viana de Duero,77,47,30
42,Soria,205,Villaciervos,99,60,39
42,Soria,206,Villanueva de Gormaz,19,12,7
42,Soria,207,Villar del Ala,57,26,31
42,Soria,208,Villar del Campo,36,19,17
42,Soria,209,Villar del Río,180,95,85
42,Soria,211,Villares de Soria (Los),114,56,58
42,Soria,212,Villasayas,99,60,39
42,Soria,213,Villaseca de Arciel,44,25,19
42,Soria,215,Vinuesa,1070,564,506
42,Soria,216,Vizmanos,41,27,14
42,Soria,217,Vozmediano,54,30,24
42,Soria,218,Yanguas,136,67,69
42,Soria,219,Yelo,63,33,30
43,Tarragona,1,Aiguamúrcia,652,339,313
43,Tarragona,2,Albinyana,1380,718,662
43,Tarragona,3,Albiol (L'),175,96,79
43,Tarragona,4,Alcanar,7878,3917,3961
43,Tarragona,5,Alcover,3787,1927,1860
43,Tarragona,6,Aldover,792,377,415
43,Tarragona,7,Aleixar (L'),717,367,350
43,Tarragona,8,Alfara de Carles,365,194,171
43,Tarragona,9,Alforja,1269,648,621
43,Tarragona,10,Alió,372,185,187
43,Tarragona,11,Almoster,823,423,400
43,Tarragona,12,Altafulla,3111,1589,1522
43,Tarragona,13,Ametlla de Mar (L'),4946,2482,2464
43,Tarragona,14,Amposta,16372,8073,8299
43,Tarragona,15,Arbolí,139,70,69
43,Tarragona,16,Arboç (L'),3551,1841,1710
43,Tarragona,17,Argentera (L'),148,85,63
43,Tarragona,18,Arnes,517,268,249
43,Tarragona,19,Ascó,1707,864,843
43,Tarragona,20,Banyeres del Penedès,1694,885,809
43,Tarragona,21,Barberà de la Conca,409,202,207
43,Tarragona,22,Batea,1964,987,977
43,Tarragona,23,Bellmunt del Priorat,310,151,159
43,Tarragona,24,Bellvei,1368,722,646
43,Tarragona,25,Benifallet,883,441,442
43,Tarragona,26,Benissanet,1022,523,499
43,Tarragona,27,Bisbal de Falset (La),242,120,122
43,Tarragona,28,Bisbal del Penedès (La),1943,1023,920
43,Tarragona,29,Blancafort,379,196,183
43,Tarragona,30,Bonastre,319,166,153
43,Tarragona,31,Borges del Camp (Les),1577,797,780
43,Tarragona,32,Bot,830,419,411
43,Tarragona,33,Botarell,624,318,306
43,Tarragona,34,Bràfim,573,279,294
43,Tarragona,35,Cabacés,339,178,161
43,Tarragona,36,Cabra del Camp,601,315,286
43,Tarragona,37,Calafell,12219,6160,6059
43,Tarragona,38,Cambrils,19942,9911,10031
43,Tarragona,39,Capafonts,124,65,59
43,Tarragona,40,Capçanes,401,184,217
43,Tarragona,41,Caseres,325,161,164
43,Tarragona,42,Castellvell del Camp,1062,543,519
43,Tarragona,43,Catllar (El),2363,1243,1120
43,Tarragona,44,Sénia (La),5034,2562,2472
43,Tarragona,45,Colldejou,198,108,90
43,Tarragona,46,Conesa,116,63,53
43,Tarragona,47,Constantí,5021,2599,2422
43,Tarragona,48,Corbera d'Ebre,1056,543,513
43,Tarragona,49,Cornudella de Montsant,840,427,413
43,Tarragona,50,Creixell,1837,922,915
43,Tarragona,51,Cunit,5943,3059,2884
43,Tarragona,52,Xerta,1225,608,617
43,Tarragona,53,Duesaigües,199,120,79
43,Tarragona,54,Espluga de Francolí (L'),3654,1802,1852
43,Tarragona,55,Falset,2448,1234,1214
43,Tarragona,56,Fatarella (La),1244,620,624
43,Tarragona,57,Febró (La),63,39,24
43,Tarragona,58,Figuera (La),121,61,60
43,Tarragona,59,Figuerola del Camp,280,134,146
43,Tarragona,60,Flix,4208,2099,2109
43,Tarragona,61,Forès,68,33,35
43,Tarragona,62,Freginals,362,180,182
43,Tarragona,63,Galera (La),746,367,379
43,Tarragona,64,Gandesa,2564,1284,1280
43,Tarragona,65,Garcia,512,262,250
43,Tarragona,66,Garidells (Els),162,80,82
43,Tarragona,67,Ginestar,837,423,414
43,Tarragona,68,Godall,721,366,355
43,Tarragona,69,Gratallops,232,123,109
43,Tarragona,70,Guiamets (Els),304,152,152
43,Tarragona,71,Horta de Sant Joan,1233,653,580
43,Tarragona,72,Lloar (El),123,61,62
43,Tarragona,73,Llorac,120,58,62
43,Tarragona,74,Llorenç del Penedès,1575,755,820
43,Tarragona,75,Margalef,129,66,63
43,Tarragona,76,Marçà,600,295,305
43,Tarragona,77,Mas de Barberans,699,360,339
43,Tarragona,78,Masdenverge,956,488,468
43,Tarragona,79,Masllorenç,409,206,203
43,Tarragona,80,Masó (La),275,134,141
43,Tarragona,81,Maspujols,464,243,221
43,Tarragona,82,Masroig (El),506,246,260
43,Tarragona,83,Milà (El),162,79,83
43,Tarragona,84,Miravet,788,415,373
43,Tarragona,85,Molar (El),289,152,137
43,Tarragona,86,Montblanc,6029,2984,3045
43,Tarragona,88,Montbrió del Camp,1459,732,727
43,Tarragona,89,Montferri,157,80,77
43,Tarragona,90,Montmell (El),408,226,182
43,Tarragona,91,Mont-ral,160,89,71
43,Tarragona,92,Mont-roig del Camp,6683,3402,3281
43,Tarragona,93,Móra d'Ebre,4816,2376,2440
43,Tarragona,94,Móra la Nova,2661,1324,1337
43,Tarragona,95,Morell (El),2308,1168,1140
43,Tarragona,96,Morera de Montsant (La),176,101,75
43,Tarragona,97,Nou de Gaià (La),376,189,187
43,Tarragona,98,Nulles,347,160,187
43,Tarragona,99,Palma d'Ebre (La),419,200,219
43,Tarragona,100,Pallaresos (Els),2537,1308,1229
43,Tarragona,101,Passanant,183,109,74
43,Tarragona,102,Paüls,640,324,316
43,Tarragona,103,Perafort,610,312,298
43,Tarragona,104,Perelló (El),2145,1101,1044
43,Tarragona,105,Piles (Les),178,98,80
43,Tarragona,106,Pinell de Brai (El),1074,546,528
43,Tarragona,107,Pira,402,197,205
43,Tarragona,108,Pla de Santa Maria (El),1651,849,802
43,Tarragona,109,Pobla de Mafumet (La),1115,558,557
43,Tarragona,110,Pobla de Massaluca (La),442,227,215
43,Tarragona,111,Pobla de Montornès (La),1336,721,615
43,Tarragona,112,Poboleda,335,169,166
43,Tarragona,113,Pont d'Armentera (El),576,297,279
43,Tarragona,114,Porrera,472,254,218
43,Tarragona,115,Pradell de la Teixeta,198,101,97
43,Tarragona,116,Prades,528,267,261
43,Tarragona,117,Prat de Comte,178,85,93
43,Tarragona,118,Pratdip,563,282,281
43,Tarragona,119,Puigpelat,597,300,297
43,Tarragona,120,Querol,305,170,135
43,Tarragona,121,Rasquera,792,402,390
43,Tarragona,122,Renau,61,29,32
43,Tarragona,123,Reus,89179,43499,45680
43,Tarragona,124,Riba (La),732,380,352
43,Tarragona,125,Riba-roja d'Ebre,1350,696,654
43,Tarragona,126,Riera de Gaià (La),970,486,484
43,Tarragona,127,Riudecanyes,694,349,345
43,Tarragona,128,Riudecols,997,511,486
43,Tarragona,129,Riudoms,5201,2613,2588
43,Tarragona,130,Rocafort de Queralt,279,148,131
43,Tarragona,131,Roda de Barà,3361,1829,1532
43,Tarragona,132,Rodonyà,420,218,202
43,Tarragona,133,Roquetes,6366,3203,3163
43,Tarragona,134,Rourell (El),262,139,123
43,Tarragona,135,Salomó,382,194,188
43,Tarragona,136,Sant Carles de la Ràpita,11194,5552,5642
43,Tarragona,137,Sant Jaume dels Domenys,1390,724,666
43,Tarragona,138,Santa Bàrbara,3257,1628,1629
43,Tarragona,139,Santa Coloma de Queralt,2615,1263,1352
43,Tarragona,140,Santa Oliva,2101,1066,1035
43,Tarragona,141,Pontils,148,75,73
43,Tarragona,142,Sarral,1430,745,685
43,Tarragona,143,Savallà del Comtat,75,36,39
43,Tarragona,144,Secuita (La),1131,572,559
43,Tarragona,145,Selva del Camp (La),4103,2064,2039
43,Tarragona,146,Senan,31,20,11
43,Tarragona,147,Solivella,622,304,318
43,Tarragona,148,Tarragona,114097,55698,58399
43,Tarragona,149,Tivenys,917,458,459
43,Tarragona,150,Tivissa,1764,876,888
43,Tarragona,151,Torre de Fontaubella (La),128,63,65
43,Tarragona,152,Torre de l'Espanyol (La),674,349,325
43,Tarragona,153,Torredembarra,10581,5254,5327
43,Tarragona,154,Torroja del Priorat,139,80,59
43,Tarragona,155,Tortosa,29481,14288,15193
43,Tarragona,156,Ulldecona,5304,2627,2677
43,Tarragona,157,Ulldemolins,495,259,236
43,Tarragona,158,Vallclara,117,62,55
43,Tarragona,159,Vallfogona de Riucorb,164,85,79
43,Tarragona,160,Vallmoll,1168,609,559
43,Tarragona,161,Valls,20382,9994,10388
43,Tarragona,162,Vandellòs i l'Hospitalet de l'Infant,4343,2176,2167
43,Tarragona,163,Vendrell (El),22543,11310,11233
43,Tarragona,164,Vespella de Gaià,205,116,89
43,Tarragona,165,Vilabella,788,397,391
43,Tarragona,166,Vilallonga del Camp,1237,614,623
43,Tarragona,167,Vilanova d'Escornalbou,449,234,215
43,Tarragona,168,Vilanova de Prades,157,80,77
43,Tarragona,169,Vilaplana,526,264,262
43,Tarragona,170,Vila-rodona,1034,562,472
43,Tarragona,171,Vila-seca,13133,6612,6521
43,Tarragona,172,Vilaverd,354,177,177
43,Tarragona,173,Vilella Alta (La),128,66,62
43,Tarragona,174,Vilella Baixa (La),174,94,80
43,Tarragona,175,Vilalba dels Arcs,762,399,363
43,Tarragona,176,Vimbodí,1011,539,472
43,Tarragona,177,Vinebre,443,221,222
43,Tarragona,178,Vinyols i els Arcs,1213,632,581
43,Tarragona,901,Deltebre,10250,5132,5118
43,Tarragona,902,Sant Jaume d'Enveja,3305,1668,1637
43,Tarragona,903,Camarles,2887,1428,1459
43,Tarragona,904,Aldea (L'),3546,1803,1743
43,Tarragona,905,Salou,13059,6629,6430
43,Tarragona,906,Ampolla (L'),1831,906,925
44,Teruel,1,Ababuj,85,48,37
44,Teruel,2,Abejuela,58,40,18
44,Teruel,3,Aguatón,24,10,14
44,Teruel,4,Aguaviva,592,290,302
44,Teruel,5,Aguilar del Alfambra,83,40,43
44,Teruel,6,Alacón,457,234,223
44,Teruel,7,Alba,271,142,129
44,Teruel,8,Albalate del Arzobispo,2283,1115,1168
44,Teruel,9,Albarracín,1055,552,503
44,Teruel,10,Albentosa,257,131,126
44,Teruel,11,Alcaine,74,43,31
44,Teruel,12,Alcalá de la Selva,478,259,219
44,Teruel,13,Alcañiz,13127,6484,6643
44,Teruel,14,Alcorisa,3245,1629,1616
44,Teruel,16,Alfambra,645,330,315
44,Teruel,17,Aliaga,393,208,185
44,Teruel,18,Almohaja,29,18,11
44,Teruel,19,Alobras,92,51,41
44,Teruel,20,Alpeñés,28,18,10
44,Teruel,21,Allepuz,143,75,68
44,Teruel,22,Alloza,772,367,405
44,Teruel,23,Allueva,16,11,5
44,Teruel,24,Anadón,17,9,8
44,Teruel,25,Andorra,8000,4122,3878
44,Teruel,26,Arcos de las Salinas,144,68,76
44,Teruel,27,Arens de Lledó,241,115,126
44,Teruel,28,Argente,262,136,126
44,Teruel,29,Ariño,866,423,443
44,Teruel,31,Azaila,174,97,77
44,Teruel,32,Bádenas,24,12,12
44,Teruel,33,Báguena,500,251,249
44,Teruel,34,Bañón,182,99,83
44,Teruel,35,Barrachina,163,83,80
44,Teruel,36,Bea,45,28,17
44,Teruel,37,Beceite,638,319,319
44,Teruel,38,Belmonte de San José,144,78,66
44,Teruel,39,Bello,393,186,207
44,Teruel,40,Berge,231,117,114
44,Teruel,41,Bezas,70,37,33
44,Teruel,42,Blancas,183,100,83
44,Teruel,43,Blesa,156,95,61
44,Teruel,44,Bordón,148,74,74
44,Teruel,45,Bronchales,457,245,212
44,Teruel,46,Bueña,102,56,46
44,Teruel,47,Burbáguena,326,147,179
44,Teruel,48,Cabra de Mora,115,65,50
44,Teruel,49,Calaceite,1193,616,577
44,Teruel,50,Calamocha,4063,2025,2038
44,Teruel,51,Calanda,3484,1766,1718
44,Teruel,52,Calomarde,82,39,43
44,Teruel,53,Camañas,137,79,58
44,Teruel,54,Camarena de la Sierra,186,104,82
44,Teruel,55,Camarillas,122,66,56
44,Teruel,56,Caminreal,813,405,408
44,Teruel,59,Cantavieja,734,386,348
44,Teruel,60,Cañada de Benatanduz,63,40,23
44,Teruel,61,Cañada de Verich (La),106,58,48
44,Teruel,62,Cañada Vellida,58,38,20
44,Teruel,63,Cañizar del Olivar,125,64,61
44,Teruel,64,Cascante del Río,121,75,46
44,Teruel,65,Castejón de Tornos,103,50,53
44,Teruel,66,Castel de Cabra,172,90,82
44,Teruel,67,Castelnou,98,51,47
44,Teruel,68,Castelserás,858,454,404
44,Teruel,70,Castellar (El),97,52,45
44,Teruel,71,Castellote,737,382,355
44,Teruel,74,Cedrillas,527,272,255
44,Teruel,75,Celadas,424,229,195
44,Teruel,76,Cella,2897,1496,1401
44,Teruel,77,Cerollera (La),111,62,49
44,Teruel,80,Codoñera (La),344,180,164
44,Teruel,82,Corbalán,76,45,31
44,Teruel,84,Cortes de Aragón,117,58,59
44,Teruel,85,Cosa,104,56,48
44,Teruel,86,Cretas,603,309,294
44,Teruel,87,Crivillén,128,68,60
44,Teruel,88,Cuba (La),60,29,31
44,Teruel,89,Cubla,50,26,24
44,Teruel,90,Cucalón,76,42,34
44,Teruel,92,Cuervo (El),123,62,61
44,Teruel,93,Cuevas de Almudén,103,56,47
44,Teruel,94,Cuevas Labradas,162,88,74
44,Teruel,96,Ejulve,229,116,113
44,Teruel,97,Escorihuela,234,115,119
44,Teruel,99,Escucha,1103,583,520
44,Teruel,100,Estercuel,348,182,166
44,Teruel,101,Ferreruela de Huerva,87,47,40
44,Teruel,102,Fonfría,32,18,14
44,Teruel,103,Formiche Alto,199,104,95
44,Teruel,105,Fórnoles,104,49,55
44,Teruel,106,Fortanete,194,105,89
44,Teruel,107,Foz-Calanda,241,131,110
44,Teruel,108,Fresneda (La),416,217,199
44,Teruel,109,Frías de Albarracín,157,84,73
44,Teruel,110,Fuenferrada,47,26,21
44,Teruel,111,Fuentes Calientes,129,73,56
44,Teruel,112,Fuentes Claras,650,321,329
44,Teruel,113,Fuentes de Rubielos,88,49,39
44,Teruel,114,Fuentespalda,357,179,178
44,Teruel,115,Galve,145,78,67
44,Teruel,116,Gargallo,121,66,55
44,Teruel,117,Gea de Albarracín,453,233,220
44,Teruel,118,Ginebrosa (La),249,137,112
44,Teruel,119,Griegos,138,81,57
44,Teruel,120,Guadalaviar,287,146,141
44,Teruel,121,Gúdar,74,44,30
44,Teruel,122,Híjar,1901,964,937
44,Teruel,123,Hinojosa de Jarque,177,91,86
44,Teruel,124,Hoz de la Vieja (La),123,62,61
44,Teruel,125,Huesa del Común,135,78,57
44,Teruel,126,Iglesuela del Cid (La),499,261,238
44,Teruel,127,Jabaloyas,89,46,43
44,Teruel,128,Jarque de la Val,95,53,42
44,Teruel,129,Jatiel,67,34,33
44,Teruel,130,Jorcas,48,30,18
44,Teruel,131,Josa,39,22,17
44,Teruel,132,Lagueruela,69,36,33
44,Teruel,133,Lanzuela,30,19,11
44,Teruel,135,Libros,161,82,79
44,Teruel,136,Lidón,79,36,43
44,Teruel,137,Linares de Mora,294,164,130
44,Teruel,138,Loscos,217,117,100
44,Teruel,141,Lledó,201,110,91
44,Teruel,142,Maicas,35,15,20
44,Teruel,143,Manzanera,467,259,208
44,Teruel,144,Martín del Río,495,251,244
44,Teruel,145,Mas de las Matas,1488,754,734
44,Teruel,146,Mata de los Olmos (La),267,124,143
44,Teruel,147,Mazaleón,601,308,293
44,Teruel,148,Mezquita de Jarque,133,72,61
44,Teruel,149,Mirambel,146,83,63
44,Teruel,150,Miravete de la Sierra,49,30,19
44,Teruel,151,Molinos,329,173,156
44,Teruel,152,Monforte de Moyuela,61,35,26
44,Teruel,153,Monreal del Campo,2311,1149,1162
44,Teruel,154,Monroyo,362,193,169
44,Teruel,155,Montalbán,1588,811,777
44,Teruel,156,Monteagudo del Castillo,68,40,28
44,Teruel,157,Monterde de Albarracín,67,36,31
44,Teruel,158,Mora de Rubielos,1371,704,667
44,Teruel,159,Moscardón,55,29,26
44,Teruel,160,Mosqueruela,693,364,329
44,Teruel,161,Muniesa,737,380,357
44,Teruel,163,Noguera de Albarracín,176,91,85
44,Teruel,164,Nogueras,20,15,5
44,Teruel,165,Nogueruelas,223,118,105
44,Teruel,167,Obón,52,26,26
44,Teruel,168,Odón,271,126,145
44,Teruel,169,Ojos Negros,563,295,268
44,Teruel,171,Olba,195,97,98
44,Teruel,172,Oliete,476,242,234
44,Teruel,173,Olmos (Los),142,73,69
44,Teruel,174,Orihuela del Tremedal,628,310,318
44,Teruel,175,Orrios,191,98,93
44,Teruel,176,Palomar de Arroyos,255,141,114
44,Teruel,177,Pancrudo,167,89,78
44,Teruel,178,Parras de Castellote (Las),76,41,35
44,Teruel,179,Peñarroya de Tastavins,521,273,248
44,Teruel,180,Peracense,108,58,50
44,Teruel,181,Peralejos,93,48,45
44,Teruel,182,Perales del Alfambra,295,155,140
44,Teruel,183,Pitarque,109,50,59
44,Teruel,184,Plou,47,24,23
44,Teruel,185,Pobo (El),146,81,65
44,Teruel,187,Portellada (La),312,163,149
44,Teruel,189,Pozondón,83,43,40
44,Teruel,190,Pozuel del Campo,115,63,52
44,Teruel,191,Puebla de Híjar (La),1089,542,547
44,Teruel,192,Puebla de Valverde (La),489,268,221
44,Teruel,193,Puertomingalvo,140,75,65
44,Teruel,194,Ráfales,201,101,100
44,Teruel,195,Rillo,139,75,64
44,Teruel,196,Riodeva,218,104,114
44,Teruel,197,Ródenas,98,48,50
44,Teruel,198,Royuela,238,136,102
44,Teruel,199,Rubiales,58,32,26
44,Teruel,200,Rubielos de la Cérida,62,30,32
44,Teruel,201,Rubielos de Mora,616,310,306
44,Teruel,203,Salcedillo,7,3,4
44,Teruel,204,Saldón,42,24,18
44,Teruel,205,Samper de Calanda,988,472,516
44,Teruel,206,San Agustín,138,69,69
44,Teruel,207,San Martín del Río,288,138,150
44,Teruel,208,Santa Cruz de Nogueras,26,15,11
44,Teruel,209,Santa Eulalia,1230,601,629
44,Teruel,210,Sarrión,1015,529,486
44,Teruel,211,Segura de los Baños,50,25,25
44,Teruel,212,Seno,49,25,24
44,Teruel,213,Singra,93,45,48
44,Teruel,215,Terriente,184,104,80
44,Teruel,216,Teruel,30491,14733,15758
44,Teruel,217,Toril y Masegoso,32,19,13
44,Teruel,218,Tormón,39,20,19
44,Teruel,219,Tornos,249,134,115
44,Teruel,220,Torralba de los Sisones,224,114,110
44,Teruel,221,Torrecilla de Alcañiz,427,225,202
44,Teruel,222,Torrecilla del Rebollar,186,97,89
44,Teruel,223,Torre de Arcas,107,52,55
44,Teruel,224,Torre de las Arcas,34,20,14
44,Teruel,225,Torre del Compte,175,85,90
44,Teruel,226,Torrelacárcel,290,153,137
44,Teruel,227,Torre los Negros,100,49,51
44,Teruel,228,Torremocha de Jiloca,170,82,88
44,Teruel,229,Torres de Albarracín,161,87,74
44,Teruel,230,Torrevelilla,203,103,100
44,Teruel,231,Torrijas,74,33,41
44,Teruel,232,Torrijo del Campo,556,281,275
44,Teruel,234,Tramacastiel,118,58,60
44,Teruel,235,Tramacastilla,124,58,66
44,Teruel,236,Tronchón,95,51,44
44,Teruel,237,Urrea de Gaén,610,300,310
44,Teruel,238,Utrillas,3279,1700,1579
44,Teruel,239,Valacloche,20,13,7
44,Teruel,240,Valbona,187,98,89
44,Teruel,241,Valdealgorfa,736,365,371
44,Teruel,243,Valdecuenca,39,20,19
44,Teruel,244,Valdelinares,119,67,52
44,Teruel,245,Valdeltormo,369,194,175
44,Teruel,246,Valderrobres,1845,952,893
44,Teruel,247,Valjunquera,440,218,222
44,Teruel,249,Vallecillo (El),69,37,32
44,Teruel,250,Veguillas de la Sierra,28,17,11
44,Teruel,251,Villafranca del Campo,382,190,192
44,Teruel,252,Villahermosa del Campo,70,38,32
44,Teruel,256,Villanueva del Rebollar de la Sierra,52,30,22
44,Teruel,257,Villar del Cobo,223,117,106
44,Teruel,258,Villar del Salz,101,56,45
44,Teruel,260,Villarluengo,201,116,85
44,Teruel,261,Villarquemado,966,490,476
44,Teruel,262,Villarroya de los Pinares,201,105,96
44,Teruel,263,Villastar,341,181,160
44,Teruel,264,Villel,331,170,161
44,Teruel,265,Vinaceite,287,149,138
44,Teruel,266,Visiedo,203,93,110
44,Teruel,267,Vivel del Río Martín,92,49,43
44,Teruel,268,Zoma (La),31,16,15
45,Toledo,1,Ajofrín,2173,1124,1049
45,Toledo,2,Alameda de la Sagra,2846,1510,1336
45,Toledo,3,Albarreal de Tajo,612,304,308
45,Toledo,4,Alcabón,630,319,311
45,Toledo,5,Alcañizo,326,170,156
45,Toledo,6,Alcaudete de la Jara,1821,873,948
45,Toledo,7,Alcolea de Tajo,778,384,394
45,Toledo,8,Aldea en Cabo,176,94,82
45,Toledo,9,Aldeanueva de Barbarroya,819,417,402
45,Toledo,10,Aldeanueva de San Bartolomé,596,294,302
45,Toledo,11,Almendral de la Cañada,397,206,191
45,Toledo,12,Almonacid de Toledo,797,410,387
45,Toledo,13,Almorox,2196,1141,1055
45,Toledo,14,Añover de Tajo,4542,2359,2183
45,Toledo,15,Arcicóllar,562,276,286
45,Toledo,16,Argés,2477,1225,1252
45,Toledo,17,Azután,344,176,168
45,Toledo,18,Barcience,111,58,53
45,Toledo,19,Bargas,6816,3402,3414
45,Toledo,20,Belvís de la Jara,1688,827,861
45,Toledo,21,Borox,2221,1112,1109
45,Toledo,22,Buenaventura,540,257,283
45,Toledo,23,Burguillos de Toledo,965,492,473
45,Toledo,24,Burujón,1290,660,630
45,Toledo,25,Cabañas de la Sagra,1288,659,629
45,Toledo,26,Cabañas de Yepes,249,129,120
45,Toledo,27,Cabezamesada,482,249,233
45,Toledo,28,Calera y Chozas,3734,1881,1853
45,Toledo,29,Caleruela,304,152,152
45,Toledo,30,Calzada de Oropesa,599,301,298
45,Toledo,31,Camarena,2235,1146,1089
45,Toledo,32,Camarenilla,512,256,256
45,Toledo,33,Campillo de la Jara (El),520,274,246
45,Toledo,34,Camuñas,1697,862,835
45,Toledo,35,Cardiel de los Montes,158,90,68
45,Toledo,36,Carmena,819,412,407
45,Toledo,37,Carpio de Tajo (El),2252,1092,1160
45,Toledo,38,Carranque,1746,887,859
45,Toledo,39,Carriches,288,146,142
45,Toledo,40,Casar de Escalona (El),961,465,496
45,Toledo,41,Casarrubios del Monte,2942,1517,1425
45,Toledo,42,Casasbuenas,227,114,113
45,Toledo,43,Castillo de Bayuela,1011,501,510
45,Toledo,45,Cazalegas,1166,581,585
45,Toledo,46,Cebolla,2809,1395,1414
45,Toledo,47,Cedillo del Condado,1542,795,747
45,Toledo,48,Cerralbos (Los),454,225,229
45,Toledo,49,Cervera de los Montes,398,210,188
45,Toledo,50,Ciruelos,337,184,153
45,Toledo,51,Cobeja,1804,908,896
45,Toledo,52,Cobisa,1618,842,776
45,Toledo,53,Consuegra,9958,4934,5024
45,Toledo,54,Corral de Almaguer,5622,2813,2809
45,Toledo,55,Cuerva,1311,643,668
45,Toledo,56,Chozas de Canales,1002,502,500
45,Toledo,57,Chueca,263,138,125
45,Toledo,58,Domingo Pérez,479,238,241
45,Toledo,59,Dosbarrios,2097,1060,1037
45,Toledo,60,Erustes,199,101,98
45,Toledo,61,Escalona,2170,1108,1062
45,Toledo,62,Escalonilla,1432,695,737
45,Toledo,63,Espinoso del Rey,631,323,308
45,Toledo,64,Esquivias,3806,1907,1899
45,Toledo,65,Estrella (La),411,216,195
45,Toledo,66,Fuensalida,7665,3874,3791
45,Toledo,67,Gálvez,3082,1546,1536
45,Toledo,68,Garciotum,155,73,82
45,Toledo,69,Gerindote,1839,936,903
45,Toledo,70,Guadamur,1578,802,776
45,Toledo,71,Guardia (La),2418,1195,1223
45,Toledo,72,Herencias (Las),753,389,364
45,Toledo,73,Herreruela de Oropesa,426,210,216
45,Toledo,74,Hinojosa de San Vicente,480,260,220
45,Toledo,75,Hontanar,126,69,57
45,Toledo,76,Hormigos,416,211,205
45,Toledo,77,Huecas,474,247,227
45,Toledo,78,Huerta de Valdecarábanos,1661,817,844
45,Toledo,79,Iglesuela (La),435,213,222
45,Toledo,80,Illán de Vacas,4,3,1
45,Toledo,81,Illescas,10347,5198,5149
45,Toledo,82,Lagartera,1839,906,933
45,Toledo,83,Layos,268,138,130
45,Toledo,84,Lillo,2905,1459,1446
45,Toledo,85,Lominchar,1198,621,577
45,Toledo,86,Lucillos,499,244,255
45,Toledo,87,Madridejos,10500,5189,5311
45,Toledo,88,Magán,1137,570,567
45,Toledo,89,Malpica de Tajo,1888,957,931
45,Toledo,90,Manzaneque,492,245,247
45,Toledo,91,Maqueda,455,232,223
45,Toledo,92,Marjaliza,325,158,167
45,Toledo,93,Marrupe,141,72,69
45,Toledo,94,Mascaraque,479,231,248
45,Toledo,95,Mata (La),991,491,500
45,Toledo,96,Mazarambroz,1221,611,610
45,Toledo,97,Mejorada,1124,561,563
45,Toledo,98,Menasalbas,2971,1556,1415
45,Toledo,99,Méntrida,2105,1081,1024
45,Toledo,100,Mesegar de Tajo,230,113,117
45,Toledo,101,Miguel Esteban,4719,2356,2363
45,Toledo,102,Mocejón,4157,2137,2020
45,Toledo,103,Mohedas de la Jara,616,314,302
45,Toledo,104,Montearagón,441,232,209
45,Toledo,105,Montesclaros,463,236,227
45,Toledo,106,Mora,9371,4625,4746
45,Toledo,107,Nambroca,2603,1321,1282
45,Toledo,108,Nava de Ricomalillo (La),718,361,357
45,Toledo,109,Navahermosa,3886,1971,1915
45,Toledo,110,Navalcán,2288,1201,1087
45,Toledo,111,Navalmoralejo,72,34,38
45,Toledo,112,Navalmorales (Los),2618,1316,1302
45,Toledo,113,Navalucillos (Los),2732,1361,1371
45,Toledo,114,Navamorcuende,741,391,350
45,Toledo,115,Noblejas,3060,1558,1502
45,Toledo,116,Noez,817,412,405
45,Toledo,117,Nombela,938,485,453
45,Toledo,118,Novés,1545,784,761
45,Toledo,119,Numancia de la Sagra,2555,1345,1210
45,Toledo,120,Nuño Gómez,202,101,101
45,Toledo,121,Ocaña,6190,3076,3114
45,Toledo,122,Olías del Rey,4287,2163,2124
45,Toledo,123,Ontígola,1250,676,574
45,Toledo,124,Orgaz,2672,1327,1345
45,Toledo,125,Oropesa,2717,1342,1375
45,Toledo,126,Otero,203,95,108
45,Toledo,127,Palomeque,483,252,231
45,Toledo,128,Pantoja,2469,1264,1205
45,Toledo,129,Paredes de Escalona,116,56,60
45,Toledo,130,Parrillas,423,209,214
45,Toledo,131,Pelahustán,342,179,163
45,Toledo,132,Pepino,948,475,473
45,Toledo,133,Polán,3306,1675,1631
45,Toledo,134,Portillo de Toledo,1971,1014,957
45,Toledo,135,Puebla de Almoradiel (La),5380,2697,2683
45,Toledo,136,Puebla de Montalbán (La),7111,3574,3537
45,Toledo,137,Pueblanueva (La),2018,1031,987
45,Toledo,138,Puente del Arzobispo (El),1566,756,810
45,Toledo,139,Puerto de San Vicente,277,136,141
45,Toledo,140,Pulgar,1268,644,624
45,Toledo,141,Quero,1273,634,639
45,Toledo,142,Quintanar de la Orden,9503,4707,4796
45,Toledo,143,Quismondo,1298,652,646
45,Toledo,144,Real de San Vicente (El),996,497,499
45,Toledo,145,Recas,2614,1378,1236
45,Toledo,146,Retamoso,160,84,76
45,Toledo,147,Rielves,516,257,259
45,Toledo,148,Robledo del Mazo,518,267,251
45,Toledo,149,Romeral (El),895,438,457
45,Toledo,150,San Bartolomé de las Abiertas,473,251,222
45,Toledo,151,San Martín de Montalbán,751,365,386
45,Toledo,152,San Martín de Pusa,790,399,391
45,Toledo,153,San Pablo de los Montes,2128,1079,1049
45,Toledo,154,San Román de los Montes,726,377,349
45,Toledo,155,Santa Ana de Pusa,406,209,197
45,Toledo,156,Santa Cruz de la Zarza,4392,2209,2183
45,Toledo,157,Santa Cruz del Retamar,1681,849,832
45,Toledo,158,Santa Olalla,2567,1312,1255
45,Toledo,159,Sartajada,116,69,47
45,Toledo,160,Segurilla,981,488,493
45,Toledo,161,Seseña,4244,2212,2032
45,Toledo,162,Sevilleja de la Jara,1056,555,501
45,Toledo,163,Sonseca,9467,4806,4661
45,Toledo,164,Sotillo de las Palomas,223,111,112
45,Toledo,165,Talavera de la Reina,74241,36167,38074
45,Toledo,166,Tembleque,2099,1063,1036
45,Toledo,167,Toboso (El),2077,1021,1056
45,Toledo,168,Toledo,68537,32870,35667
45,Toledo,169,Torralba de Oropesa,280,132,148
45,Toledo,170,Torrecilla de la Jara,292,146,146
45,Toledo,171,Torre de Esteban Hambrán (La),1489,772,717
45,Toledo,172,Torrico,894,464,430
45,Toledo,173,Torrijos,10041,4926,5115
45,Toledo,174,Totanés,363,185,178
45,Toledo,175,Turleque,971,480,491
45,Toledo,176,Ugena,1585,835,750
45,Toledo,177,Urda,2965,1488,1477
45,Toledo,179,Valdeverdeja,786,358,428
45,Toledo,180,Valmojado,2406,1232,1174
45,Toledo,181,Velada,2386,1244,1142
45,Toledo,182,Ventas con Peña Aguilera (Las),1367,695,672
45,Toledo,183,Ventas de Retamosa (Las),804,416,388
45,Toledo,184,Ventas de San Julián (Las),236,106,130
45,Toledo,185,Villacañas,9347,4628,4719
45,Toledo,186,Villa de Don Fadrique (La),4101,2036,2065
45,Toledo,187,Villafranca de los Caballeros,5335,2636,2699
45,Toledo,188,Villaluenga de la Sagra,2642,1307,1335
45,Toledo,189,Villamiel de Toledo,477,242,235
45,Toledo,190,Villaminaya,644,325,319
45,Toledo,191,Villamuelas,743,368,375
45,Toledo,192,Villanueva de Alcardete,3293,1665,1628
45,Toledo,193,Villanueva de Bogas,819,407,412
45,Toledo,194,Villarejo de Montalbán,100,53,47
45,Toledo,195,Villarrubia de Santiago,2869,1434,1435
45,Toledo,196,Villaseca de la Sagra,1563,773,790
45,Toledo,197,Villasequilla,2319,1196,1123
45,Toledo,198,Villatobas,2220,1128,1092
45,Toledo,199,Viso de San Juan (El),1170,635,535
45,Toledo,200,Yébenes (Los),6199,3095,3104
45,Toledo,201,Yeles,1731,912,819
45,Toledo,202,Yepes,4358,2225,2133
45,Toledo,203,Yuncler,1855,932,923
45,Toledo,204,Yunclillos,615,318,297
45,Toledo,205,Yuncos,3760,1979,1781
45,Toledo,901,Santo Domingo-Caudilla,790,394,396
46,Valencia/València,1,Ademuz,1195,608,587
46,Valencia/València,2,Ador,1178,595,583
46,Valencia/València,3,Atzeneta d'Albaida,1238,632,606
46,Valencia/València,4,Agullent,2223,1075,1148
46,Valencia/València,5,Alaquàs,26939,13331,13608
46,Valencia/València,6,Albaida,5828,2874,2954
46,Valencia/València,7,Albal,11973,5964,6009
46,Valencia/València,8,Albalat de la Ribera,3474,1689,1785
46,Valencia/València,9,Albalat dels Sorells,3479,1696,1783
46,Valencia/València,10,Albalat dels Tarongers,709,367,342
46,Valencia/València,11,Alberic,9227,4508,4719
46,Valencia/València,12,Alborache,905,463,442
46,Valencia/València,13,Alboraya,16943,8411,8532
46,Valencia/València,14,Albuixech,3032,1465,1567
46,Valencia/València,15,Alcácer,7229,3634,3595
46,Valencia/València,16,Alcàntera de Xúquer,1405,701,704
46,Valencia/València,17,Alzira,40658,19825,20833
46,Valencia/València,18,Alcublas,854,449,405
46,Valencia/València,19,Alcúdia (l'),10584,5230,5354
46,Valencia/València,20,Alcúdia de Crespins (l'),4223,2075,2148
46,Valencia/València,21,Aldaia,24485,12197,12288
46,Valencia/València,22,Alfafar,18878,9332,9546
46,Valencia/València,23,Alfauir,357,186,171
46,Valencia/València,24,Alfara de Algimia,502,247,255
46,Valencia/València,25,Alfara del Patriarca,2683,1314,1369
46,Valencia/València,26,Alfarp,1334,648,686
46,Valencia/València,27,Alfarrasí,1192,573,619
46,Valencia/València,28,Algar de Palancia,428,215,213
46,Valencia/València,29,Algemesí,25028,12332,12696
46,Valencia/València,30,Algimia de Alfara,856,425,431
46,Valencia/València,31,Alginet,12069,6015,6054
46,Valencia/València,32,Almàssera,5759,2763,2996
46,Valencia/València,33,Almiserà,270,129,141
46,Valencia/València,34,Almoines,1675,823,852
46,Valencia/València,35,Almussafes,7256,3620,3636
46,Valencia/València,36,Alpuente,941,490,451
46,Valencia/València,37,Alquería de la Condesa/Alqueria de la Comtessa (l'),1382,652,730
46,Valencia/València,38,Andilla,460,265,195
46,Valencia/València,39,Anna,2572,1292,1280
46,Valencia/València,40,Antella,1488,737,751
46,Valencia/València,41,Aras de Alpuente,398,222,176
46,Valencia/València,42,Aielo de Malferit,3984,1956,2028
46,Valencia/València,43,Ayelo de Rugat,208,110,98
46,Valencia/València,44,Ayora,5513,2815,2698
46,Valencia/València,45,Barxeta,1612,826,786
46,Valencia/València,46,Barx,1251,609,642
46,Valencia/València,47,Bèlgida,689,335,354
46,Valencia/València,48,Bellreguard,3734,1856,1878
46,Valencia/València,49,Bellús,399,196,203
46,Valencia/València,50,Benagéber,189,103,86
46,Valencia/València,51,Benaguasil,9206,4626,4580
46,Valencia/València,52,Benavites,634,308,326
46,Valencia/València,53,Beneixida,625,301,324
46,Valencia/València,54,Benetússer,13636,6746,6890
46,Valencia/València,55,Beniarjó,1242,617,625
46,Valencia/València,56,Beniatjar,231,115,116
46,Valencia/València,57,Benicolet,496,257,239
46,Valencia/València,58,Benifairó de les Valls,1954,963,991
46,Valencia/València,59,Benifairó de la Valldigna,1635,816,819
46,Valencia/València,60,Benifaió,12059,5930,6129
46,Valencia/València,61,Beniflá,164,74,90
46,Valencia/València,62,Benigánim,5474,2763,2711
46,Valencia/València,63,Benimodo,1807,924,883
46,Valencia/València,64,Benimuslem,547,277,270
46,Valencia/València,65,Beniparrell,1611,832,779
46,Valencia/València,66,Benirredrà,1177,557,620
46,Valencia/València,67,Benisanó,1784,904,880
46,Valencia/València,68,Benisoda,300,167,133
46,Valencia/València,69,Benisuera,188,92,96
46,Valencia/València,70,Bétera,13885,6917,6968
46,Valencia/València,71,Bicorp,676,334,342
46,Valencia/València,72,Bocairent,4508,2227,2281
46,Valencia/València,73,Bolbaite,1411,717,694
46,Valencia/València,74,Bonrepòs i Mirambell,2283,1124,1159
46,Valencia/València,75,Bufali,206,101,105
46,Valencia/València,76,Bugarra,828,409,419
46,Valencia/València,77,Buñol,9301,4628,4673
46,Valencia/València,78,Burjassot,35171,17073,18098
46,Valencia/València,79,Calles,434,235,199
46,Valencia/València,80,Camporrobles,1362,681,681
46,Valencia/València,81,Canals,13080,6484,6596
46,Valencia/València,82,Canet d'En Berenguer,2562,1253,1309
46,Valencia/València,83,Carcaixent,20609,10036,10573
46,Valencia/València,84,Cárcer,2070,992,1078
46,Valencia/València,85,Carlet,13975,6861,7114
46,Valencia/València,86,Carrícola,73,34,39
46,Valencia/València,87,Casas Altas,157,83,74
46,Valencia/València,88,Casas Bajas,286,153,133
46,Valencia/València,89,Casinos,2395,1235,1160
46,Valencia/València,90,Castelló de Rugat,2057,1063,994
46,Valencia/València,91,Castellonet de la Conquesta,154,86,68
46,Valencia/València,92,Castielfabib,519,279,240
46,Valencia/València,93,Catadau,2345,1173,1172
46,Valencia/València,94,Catarroja,20616,10131,10485
46,Valencia/València,95,Caudete de las Fuentes,805,407,398
46,Valencia/València,96,Cerdà,287,142,145
46,Valencia/València,97,Cofrentes,1056,528,528
46,Valencia/València,98,Corbera,3068,1488,1580
46,Valencia/València,99,Cortes de Pallás,792,419,373
46,Valencia/València,100,Cotes,369,168,201
46,Valencia/València,101,Quart de les Valls,1048,493,555
46,Valencia/València,102,Quart de Poblet,26131,12891,13240
46,Valencia/València,103,Quartell,1369,663,706
46,Valencia/València,104,Quatretonda,2549,1313,1236
46,Valencia/València,105,Cullera,20663,10223,10440
46,Valencia/València,106,Chelva,2105,1080,1025
46,Valencia/València,107,Chella,2527,1254,1273
46,Valencia/València,108,Chera,567,299,268
46,Valencia/València,109,Cheste,6915,3516,3399
46,Valencia/València,110,Xirivella,26053,12893,13160
46,Valencia/València,111,Chiva,9721,4875,4846
46,Valencia/València,112,Chulilla,778,385,393
46,Valencia/València,113,Daimús,1674,840,834
46,Valencia/València,114,Domeño,516,264,252
46,Valencia/València,115,Dos Aguas,406,231,175
46,Valencia/València,116,Eliana (l'),13087,6534,6553
46,Valencia/València,117,Emperador,210,106,104
46,Valencia/València,118,Enguera,4703,2324,2379
46,Valencia/València,119,Ènova (l'),1049,528,521
46,Valencia/València,120,Estivella,1114,522,592
46,Valencia/València,121,Estubeny,151,70,81
46,Valencia/València,122,Faura,2830,1418,1412
46,Valencia/València,123,Favara,1755,854,901
46,Valencia/València,124,Fontanars dels Alforins,970,499,471
46,Valencia/València,125,Fortaleny,981,493,488
46,Valencia/València,126,Foios,5372,2600,2772
46,Valencia/València,127,Font d'En Carròs (la),3236,1608,1628
46,Valencia/València,128,Font de la Figuera (la),2094,1063,1031
46,Valencia/València,129,Fuenterrobles,728,380,348
46,Valencia/València,130,Gavarda,1237,600,637
46,Valencia/València,131,Gandia,59123,28966,30157
46,Valencia/València,132,Genovés,2383,1183,1200
46,Valencia/València,133,Gestalgar,738,365,373
46,Valencia/València,134,Gilet,1477,737,740
46,Valencia/València,135,Godella,11222,5500,5722
46,Valencia/València,136,Godelleta,2242,1101,1141
46,Valencia/València,137,Granja de la Costera (la),360,171,189
46,Valencia/València,138,Guadasequies,385,196,189
46,Valencia/València,139,Guadassuar,5331,2651,2680
46,Valencia/València,140,Guardamar,68,36,32
46,Valencia/València,141,Higueruelas,560,289,271
46,Valencia/València,142,Jalance,1073,542,531
46,Valencia/València,143,Xeraco,4982,2503,2479
46,Valencia/València,144,Jarafuel,917,474,443
46,Valencia/València,145,Xàtiva,25478,12387,13091
46,Valencia/València,146,Xeresa,1879,946,933
46,Valencia/València,147,Llíria,16856,8415,8441
46,Valencia/València,148,Loriguilla,1005,511,494
46,Valencia/València,149,Losa del Obispo,450,217,233
46,Valencia/València,150,Llutxent,2412,1221,1191
46,Valencia/València,151,Lugar Nuevo de Fenollet,783,384,399
46,Valencia/València,152,Lugar Nuevo de la Corona,93,45,48
46,Valencia/València,153,Llocnou de Sant Jeroni,568,285,283
46,Valencia/València,154,Llanera de Ranes,992,510,482
46,Valencia/València,155,Llaurí,118,59,59
46,Valencia/València,156,Llombai,2271,1144,1127
46,Valencia/València,157,Llosa de Ranes,3622,1863,1759
46,Valencia/València,158,Macastre,1050,516,534
46,Valencia/València,159,Manises,25939,12774,13165
46,Valencia/València,160,Manuel,2426,1173,1253
46,Valencia/València,161,Marines,1406,738,668
46,Valencia/València,162,Masalavés,1464,751,713
46,Valencia/València,163,Massalfassar,1345,665,680
46,Valencia/València,164,Massamagrell,12766,6261,6505
46,Valencia/València,165,Massanassa,7521,3656,3865
46,Valencia/València,166,Meliana,9051,4416,4635
46,Valencia/València,167,Millares,628,306,322
46,Valencia/València,168,Miramar,1232,611,621
46,Valencia/València,169,Mislata,40616,19876,20740
46,Valencia/València,170,Mogente/Moixent,4269,2163,2106
46,Valencia/València,171,Moncada,18602,9209,9393
46,Valencia/València,172,Monserrat,3157,1624,1533
46,Valencia/València,173,Montaverner,1702,862,840
46,Valencia/València,174,Montesa,1256,629,627
46,Valencia/València,175,Montichelvo,597,301,296
46,Valencia/València,176,Montroy,1538,791,747
46,Valencia/València,177,Museros,4158,2074,2084
46,Valencia/València,178,Náquera,2783,1422,1361
46,Valencia/València,179,Navarrés,2744,1392,1352
46,Valencia/València,180,Novelé/Novetlè,670,326,344
46,Valencia/València,181,Oliva,21001,10342,10659
46,Valencia/València,182,Olocau,884,458,426
46,Valencia/València,183,Olleria (l'),7058,3613,3445
46,Valencia/València,184,Ontinyent,31926,15801,16125
46,Valencia/València,185,Otos,526,266,260
46,Valencia/València,186,Paiporta,18194,9092,9102
46,Valencia/València,187,Palma de Gandía,1575,787,788
46,Valencia/València,188,Palmera,532,269,263
46,Valencia/València,189,Palomar,503,248,255
46,Valencia/València,190,Paterna,47498,23480,24018
46,Valencia/València,191,Pedralba,2109,1085,1024
46,Valencia/València,192,Petrés,810,401,409
46,Valencia/València,193,Picanya,8932,4452,4480
46,Valencia/València,194,Picassent,16005,8104,7901
46,Valencia/València,195,Piles,1981,968,1013
46,Valencia/València,196,Pinet,212,110,102
46,Valencia/València,197,Polinyà de Xúquer,3031,1492,1539
46,Valencia/València,198,Potríes,937,460,477
46,Valencia/València,199,Pobla de Farnals (la),5473,2756,2717
46,Valencia/València,200,Pobla del Duc (la),2427,1185,1242
46,Valencia/València,201,Puebla de San Miguel,81,44,37
46,Valencia/València,202,Pobla de Vallbona (la),11757,6019,5738
46,Valencia/València,203,Pobla Llarga (la),4373,2151,2222
46,Valencia/València,204,Puig,7195,3534,3661
46,Valencia/València,205,Puçol,14529,7138,7391
46,Valencia/València,206,Quesa,797,403,394
46,Valencia/València,207,Rafelbuñol/Rafelbunyol,5553,2708,2845
46,Valencia/València,208,Rafelcofer,1406,665,741
46,Valencia/València,209,Rafelguaraf,2406,1168,1238
46,Valencia/València,210,Ráfol de Salem,369,173,196
46,Valencia/València,211,Real de Gandía,1789,862,927
46,Valencia/València,212,Real de Montroi,1798,925,873
46,Valencia/València,213,Requena,19092,9571,9521
46,Valencia/València,214,Riba-roja de Túria,12908,6453,6455
46,Valencia/València,215,Riola,1609,804,805
46,Valencia/València,216,Rocafort,5117,2498,2619
46,Valencia/València,217,Rotglá y Corberá,1035,512,523
46,Valencia/València,218,Rótova,1295,658,637
46,Valencia/València,219,Rugat,207,103,104
46,Valencia/València,220,Sagunto/Sagunt,56756,27650,29106
46,Valencia/València,221,Salem,468,236,232
46,Valencia/València,222,San Juan de Énova,349,161,188
46,Valencia/València,223,Sedaví,8353,4081,4272
46,Valencia/València,224,Segart,212,101,111
46,Valencia/València,225,Sellent,471,252,219
46,Valencia/València,226,Sempere,39,20,19
46,Valencia/València,227,Senyera,937,449,488
46,Valencia/València,228,Serra,1915,974,941
46,Valencia/València,229,Siete Aguas,1282,661,621
46,Valencia/València,230,Silla,15614,7875,7739
46,Valencia/València,231,Simat de la Valldigna,3112,1582,1530
46,Valencia/València,232,Sinarcas,1245,643,602
46,Valencia/València,233,Sollana,4463,2174,2289
46,Valencia/València,234,Sot de Chera,340,171,169
46,Valencia/València,235,Sueca,25406,12463,12943
46,Valencia/València,236,Sumacàrcer,1364,688,676
46,Valencia/València,237,Tavernes Blanques,8453,4177,4276
46,Valencia/València,238,Tavernes de la Valldigna,16516,8194,8322
46,Valencia/València,239,Teresa de Cofrentes,695,351,344
46,Valencia/València,240,Terrateig,200,102,98
46,Valencia/València,241,Titaguas,555,300,255
46,Valencia/València,242,Torrebaja,447,229,218
46,Valencia/València,243,Torrella,175,87,88
46,Valencia/València,244,Torrent,64586,32025,32561
46,Valencia/València,245,Torres Torres,435,219,216
46,Valencia/València,246,Tous,1183,578,605
46,Valencia/València,247,Tuéjar,1268,669,599
46,Valencia/València,248,Turís,4733,2409,2324
46,Valencia/València,249,Utiel,11781,5867,5914
46,Valencia/València,250,Valencia,739014,350843,388171
46,Valencia/València,251,Vallada,3151,1584,1567
46,Valencia/València,252,Vallanca,235,115,120
46,Valencia/València,253,Vallés,102,55,47
46,Valencia/València,254,Venta del Moro,1567,797,770
46,Valencia/València,255,Villalonga,3639,1802,1837
46,Valencia/València,256,Vilamarxant,5993,3066,2927
46,Valencia/València,257,Villanueva de Castellón,6950,3420,3530
46,Valencia/València,258,Villar del Arzobispo,3457,1725,1732
46,Valencia/València,259,Villargordo del Cabriel,719,374,345
46,Valencia/València,260,Vinalesa,2341,1112,1229
46,Valencia/València,261,Yátova,1978,1024,954
46,Valencia/València,262,Yesa (La),283,149,134
46,Valencia/València,263,Zarra,424,229,195
46,Valencia/València,902,Gátova,500,235,265
46,Valencia/València,903,San Antonio de Benagéber,2719,1364,1355
47,Valladolid,1,Adalia,88,44,44
47,Valladolid,2,Aguasal,24,13,11
47,Valladolid,3,Aguilar de Campos,367,193,174
47,Valladolid,4,Alaejos,1614,829,785
47,Valladolid,5,Alcazarén,708,377,331
47,Valladolid,6,Aldea de San Miguel,227,119,108
47,Valladolid,7,Aldeamayor de San Martín,1436,725,711
47,Valladolid,8,Almenara de Adaja,31,15,16
47,Valladolid,9,Amusquillo,173,95,78
47,Valladolid,10,Arroyo de la Encomienda,3635,1877,1758
47,Valladolid,11,Ataquines,870,457,413
47,Valladolid,12,Bahabón,203,102,101
47,Valladolid,13,Barcial de la Loma,160,81,79
47,Valladolid,14,Barruelo del Valle,76,42,34
47,Valladolid,15,Becilla de Valderaduey,423,227,196
47,Valladolid,16,Benafarces,115,58,57
47,Valladolid,17,Bercero,283,150,133
47,Valladolid,18,Berceruelo,44,24,20
47,Valladolid,19,Berrueces,105,60,45
47,Valladolid,20,Bobadilla del Campo,408,211,197
47,Valladolid,21,Bocigas,139,67,72
47,Valladolid,22,Bocos de Duero,85,38,47
47,Valladolid,23,Boecillo,1614,829,785
47,Valladolid,24,Bolaños de Campos,381,193,188
47,Valladolid,25,Brahojos de Medina,182,99,83
47,Valladolid,26,Bustillo de Chaves,95,47,48
47,Valladolid,27,Cabezón de Pisuerga,1816,922,894
47,Valladolid,28,Cabezón de Valderaduey,47,23,24
47,Valladolid,29,Cabreros del Monte,94,51,43
47,Valladolid,30,Campaspero,1452,749,703
47,Valladolid,31,Campillo (El),239,138,101
47,Valladolid,32,Camporredondo,214,118,96
47,Valladolid,33,Canalejas de Peñafiel,292,147,145
47,Valladolid,34,Canillas de Esgueva,131,69,62
47,Valladolid,35,Carpio,1183,625,558
47,Valladolid,36,Casasola de Arión,374,205,169
47,Valladolid,37,Castrejón de Trabancos,260,139,121
47,Valladolid,38,Castrillo de Duero,199,97,102
47,Valladolid,39,Castrillo-Tejeriego,268,144,124
47,Valladolid,40,Castrobol,88,39,49
47,Valladolid,41,Castrodeza,251,135,116
47,Valladolid,42,Castromembibre,89,48,41
47,Valladolid,43,Castromonte,451,233,218
47,Valladolid,44,Castronuevo de Esgueva,321,167,154
47,Valladolid,45,Castronuño,1072,534,538
47,Valladolid,46,Castroponce,196,103,93
47,Valladolid,47,Castroverde de Cerrato,266,155,111
47,Valladolid,48,Ceinos de Campos,275,144,131
47,Valladolid,49,Cervillego de la Cruz,156,77,79
47,Valladolid,50,Cigales,2802,1371,1431
47,Valladolid,51,Ciguñuela,372,198,174
47,Valladolid,52,Cistérniga,3780,1968,1812
47,Valladolid,53,Cogeces de Íscar,150,80,70
47,Valladolid,54,Cogeces del Monte,916,497,419
47,Valladolid,55,Corcos,270,141,129
47,Valladolid,56,Corrales de Duero,139,82,57
47,Valladolid,57,Cubillas de Santa Marta,281,151,130
47,Valladolid,58,Cuenca de Campos,292,146,146
47,Valladolid,59,Curiel de Duero,128,72,56
47,Valladolid,60,Encinas de Esgueva,370,195,175
47,Valladolid,61,Esguevillas de Esgueva,423,214,209
47,Valladolid,62,Fombellida,282,147,135
47,Valladolid,63,Fompedraza,143,77,66
47,Valladolid,64,Fontihoyuelo,42,27,15
47,Valladolid,65,Fresno el Viejo,1267,641,626
47,Valladolid,66,Fuensaldaña,1002,496,506
47,Valladolid,67,Fuente el Sol,303,157,146
47,Valladolid,68,Fuente-Olmedo,68,34,34
47,Valladolid,69,Gallegos de Hornija,148,72,76
47,Valladolid,70,Gatón de Campos,42,26,16
47,Valladolid,71,Geria,472,258,214
47,Valladolid,73,Herrín de Campos,205,95,110
47,Valladolid,74,Hornillos de Eresma,162,85,77
47,Valladolid,75,Íscar,6145,3104,3041
47,Valladolid,76,Laguna de Duero,16977,8585,8392
47,Valladolid,77,Langayo,462,246,216
47,Valladolid,78,Lomoviejo,266,131,135
47,Valladolid,79,Llano de Olmedo,96,50,46
47,Valladolid,80,Manzanillo,71,37,34
47,Valladolid,81,Marzales,79,39,40
47,Valladolid,82,Matapozuelos,1005,504,501
47,Valladolid,83,Matilla de los Caños,105,62,43
47,Valladolid,84,Mayorga,1671,803,868
47,Valladolid,85,Medina del Campo,20047,9806,10241
47,Valladolid,86,Medina de Rioseco,4902,2393,2509
47,Valladolid,87,Megeces,462,227,235
47,Valladolid,88,Melgar de Abajo,175,89,86
47,Valladolid,89,Melgar de Arriba,299,149,150
47,Valladolid,90,Mojados,2565,1277,1288
47,Valladolid,91,Monasterio de Vega,105,58,47
47,Valladolid,92,Montealegre de Campos,169,94,75
47,Valladolid,93,Montemayor de Pililla,1049,557,492
47,Valladolid,94,Moral de la Reina,226,115,111
47,Valladolid,95,Moraleja de las Panaderas,32,20,12
47,Valladolid,96,Morales de Campos,196,98,98
47,Valladolid,97,Mota del Marqués,448,215,233
47,Valladolid,98,Mucientes,617,310,307
47,Valladolid,99,Mudarra (La),260,140,120
47,Valladolid,100,Muriel,214,107,107
47,Valladolid,101,Nava del Rey,2267,1118,1149
47,Valladolid,102,Nueva Villa de las Torres,407,228,179
47,Valladolid,103,Olivares de Duero,334,186,148
47,Valladolid,104,Olmedo,3434,1659,1775
47,Valladolid,105,Olmos de Esgueva,186,103,83
47,Valladolid,106,Olmos de Peñafiel,85,43,42
47,Valladolid,109,Palazuelo de Vedija,254,128,126
47,Valladolid,110,Parrilla (La),632,304,328
47,Valladolid,111,Pedraja de Portillo (La),1055,532,523
47,Valladolid,112,Pedrajas de San Esteban,3237,1631,1606
47,Valladolid,113,Pedrosa del Rey,236,127,109
47,Valladolid,114,Peñafiel,5099,2542,2557
47,Valladolid,115,Peñaflor de Hornija,454,242,212
47,Valladolid,116,Pesquera de Duero,535,283,252
47,Valladolid,117,Piña de Esgueva,406,210,196
47,Valladolid,118,Piñel de Abajo,216,116,100
47,Valladolid,119,Piñel de Arriba,149,74,75
47,Valladolid,121,Pollos,815,419,396
47,Valladolid,122,Portillo,2512,1275,1237
47,Valladolid,123,Pozal de Gallinas,499,266,233
47,Valladolid,124,Pozaldez,513,252,261
47,Valladolid,125,Pozuelo de la Orden,79,45,34
47,Valladolid,126,Puras,60,28,32
47,Valladolid,127,Quintanilla de Arriba,226,120,106
47,Valladolid,128,Quintanilla del Molar,85,36,49
47,Valladolid,129,Quintanilla de Onésimo,1179,605,574
47,Valladolid,130,Quintanilla de Trigueros,113,58,55
47,Valladolid,131,Rábano,249,123,126
47,Valladolid,132,Ramiro,81,46,35
47,Valladolid,133,Renedo de Esgueva,935,493,442
47,Valladolid,134,Roales de Campos,260,133,127
47,Valladolid,135,Robladillo,106,52,54
47,Valladolid,137,Roturas,30,15,15
47,Valladolid,138,Rubí de Bracamonte,333,172,161
47,Valladolid,139,Rueda,1436,731,705
47,Valladolid,140,Saelices de Mayorga,196,97,99
47,Valladolid,141,Salvador de Zapardiel,199,109,90
47,Valladolid,142,San Cebrián de Mazote,218,118,100
47,Valladolid,143,San Llorente,203,110,93
47,Valladolid,144,San Martín de Valvení,108,61,47
47,Valladolid,145,San Miguel del Arroyo,795,419,376
47,Valladolid,146,San Miguel del Pino,231,122,109
47,Valladolid,147,San Pablo de la Moraleja,178,95,83
47,Valladolid,148,San Pedro de Latarce,649,352,297
47,Valladolid,149,San Pelayo,45,24,21
47,Valladolid,150,San Román de Hornija,434,213,221
47,Valladolid,151,San Salvador,49,25,24
47,Valladolid,152,Santa Eufemia del Arroyo,135,66,69
47,Valladolid,153,Santervás de Campos,166,90,76
47,Valladolid,154,Santibáñez de Valcorba,214,108,106
47,Valladolid,155,Santovenia de Pisuerga,2278,1155,1123
47,Valladolid,156,San Vicente del Palacio,244,125,119
47,Valladolid,157,Sardón de Duero,629,319,310
47,Valladolid,158,Seca (La),1050,561,489
47,Valladolid,159,Serrada,1059,545,514
47,Valladolid,160,Siete Iglesias de Trabancos,611,321,290
47,Valladolid,161,Simancas,3453,1765,1688
47,Valladolid,162,Tamariz de Campos,97,51,46
47,Valladolid,163,Tiedra,407,204,203
47,Valladolid,164,Tordehumos,558,281,277
47,Valladolid,165,Tordesillas,8066,4085,3981
47,Valladolid,166,Torrecilla de la Abadesa,367,188,179
47,Valladolid,167,Torrecilla de la Orden,378,189,189
47,Valladolid,168,Torrecilla de la Torre,36,21,15
47,Valladolid,169,Torre de Esgueva,100,49,51
47,Valladolid,170,Torre de Peñafiel,53,28,25
47,Valladolid,171,Torrelobatón,576,285,291
47,Valladolid,172,Torrescárcela,163,86,77
47,Valladolid,173,Traspinedo,831,431,400
47,Valladolid,174,Trigueros del Valle,296,152,144
47,Valladolid,175,Tudela de Duero,6353,3263,3090
47,Valladolid,176,Unión de Campos (La),306,153,153
47,Valladolid,177,Urones de Castroponce,151,83,68
47,Valladolid,178,Urueña,212,109,103
47,Valladolid,179,Valbuena de Duero,521,271,250
47,Valladolid,180,Valdearcos de la Vega,141,69,72
47,Valladolid,181,Valdenebro de los Valles,235,120,115
47,Valladolid,182,Valdestillas,1549,774,775
47,Valladolid,183,Valdunquillo,228,108,120
47,Valladolid,184,Valoria la Buena,648,333,315
47,Valladolid,185,Valverde de Campos,119,64,55
47,Valladolid,186,Valladolid,319129,153292,165837
47,Valladolid,187,Vega de Ruiponce,137,66,71
47,Valladolid,188,Vega de Valdetronco,190,103,87
47,Valladolid,189,Velascálvaro,194,101,93
47,Valladolid,190,Velilla,152,78,74
47,Valladolid,191,Velliza,171,101,70
47,Valladolid,192,Ventosa de la Cuesta,154,86,68
47,Valladolid,193,Viana de Cega,1564,798,766
47,Valladolid,194,Viloria,380,202,178
47,Valladolid,195,Villabáñez,477,260,217
47,Valladolid,196,Villabaruz de Campos,49,24,25
47,Valladolid,197,Villabrágima,1223,638,585
47,Valladolid,198,Villacarralón,114,57,57
47,Valladolid,199,Villacid de Campos,122,65,57
47,Valladolid,200,Villaco,131,78,53
47,Valladolid,203,Villafrades de Campos,114,48,66
47,Valladolid,204,Villafranca de Duero,373,190,183
47,Valladolid,205,Villafrechós,532,276,256
47,Valladolid,206,Villafuerte,154,77,77
47,Valladolid,207,Villagarcía de Campos,440,233,207
47,Valladolid,208,Villagómez la Nueva,98,47,51
47,Valladolid,209,Villalán de Campos,55,28,27
47,Valladolid,210,Villalar de los Comuneros,498,238,260
47,Valladolid,211,Villalba de la Loma,47,27,20
47,Valladolid,212,Villalba de los Alcores,581,309,272
47,Valladolid,213,Villalbarba,167,83,84
47,Valladolid,214,Villalón de Campos,2101,1020,1081
47,Valladolid,215,Villamuriel de Campos,93,44,49
47,Valladolid,216,Villán de Tordesillas,182,92,90
47,Valladolid,217,Villanubla,926,490,436
47,Valladolid,218,Villanueva de Duero,1006,519,487
47,Valladolid,219,Villanueva de la Condesa,40,24,16
47,Valladolid,220,Villanueva de los Caballeros,269,129,140
47,Valladolid,221,Villanueva de los Infantes,147,77,70
47,Valladolid,222,Villanueva de San Mancio,115,62,53
47,Valladolid,223,Villardefrades,230,119,111
47,Valladolid,224,Villarmentero de Esgueva,127,63,64
47,Valladolid,225,Villasexmir,121,62,59
47,Valladolid,226,Villavaquerín,220,117,103
47,Valladolid,227,Villavellid,73,40,33
47,Valladolid,228,Villaverde de Medina,582,311,271
47,Valladolid,229,Villavicencio de los Caballeros,326,147,179
47,Valladolid,230,Wamba,376,194,182
47,Valladolid,231,Zaratán,1400,722,678
47,Valladolid,232,Zarza (La),156,79,77
48,Vizcaya,1,Abadiño,6851,3427,3424
48,Vizcaya,2,Abanto y Ciérvana/Abanto Zierbena,8989,4435,4554
48,Vizcaya,3,Amorebieta-Etxano,16216,8092,8124
48,Vizcaya,4,Amoroto,365,194,171
48,Vizcaya,5,Arakaldo,90,53,37
48,Vizcaya,6,Arantzazu,276,133,143
48,Vizcaya,7,Munitibar-Arbatzegi Gerrikaitz,383,204,179
48,Vizcaya,8,Arcentales,679,370,309
48,Vizcaya,9,Arrankudiaga,745,351,394
48,Vizcaya,10,Arrieta,509,258,251
48,Vizcaya,11,Arrigorriaga,10662,5253,5409
48,Vizcaya,12,Bakio,1614,818,796
48,Vizcaya,13,Barakaldo,97281,47518,49763
48,Vizcaya,14,Barrika,1159,590,569
48,Vizcaya,15,Basauri,47036,23266,23770
48,Vizcaya,16,Berango,4929,2437,2492
48,Vizcaya,17,Bermeo,16972,8335,8637
48,Vizcaya,18,Berriatua,940,488,452
48,Vizcaya,19,Berriz,4139,2090,2049
48,Vizcaya,20,Bilbao,354271,167846,186425
48,Vizcaya,21,Busturia,1673,841,832
48,Vizcaya,22,Carranza,2998,1568,1430
48,Vizcaya,23,Artea,641,310,331
48,Vizcaya,24,Zeanuri,1154,594,560
48,Vizcaya,25,Zeberio,959,502,457
48,Vizcaya,26,Dima,1055,539,516
48,Vizcaya,27,Durango,24742,12065,12677
48,Vizcaya,28,Ea,814,404,410
48,Vizcaya,29,"Etxebarri, Anteiglesia de San Esteban/Etxebarri Doneztebeko Elizatea",6690,3413,3277
48,Vizcaya,30,Etxebarria,808,420,388
48,Vizcaya,31,Elantxobe,466,211,255
48,Vizcaya,32,Elorrio,7166,3578,3588
48,Vizcaya,33,Ereño,255,126,129
48,Vizcaya,34,Ermua,17140,8742,8398
48,Vizcaya,35,Fruiz,341,166,175
48,Vizcaya,36,Galdakao,29387,14572,14815
48,Vizcaya,37,Galdames,805,425,380
48,Vizcaya,38,Gamiz-Fika,1138,581,557
48,Vizcaya,39,Garay,241,121,120
48,Vizcaya,40,Gatika,1217,624,593
48,Vizcaya,41,Gautegiz Arteaga,834,422,412
48,Vizcaya,42,Gordexola,1437,717,720
48,Vizcaya,43,Gorliz,4179,2084,2095
48,Vizcaya,44,Getxo,83789,40070,43719
48,Vizcaya,45,Güeñes,5896,2897,2999
48,Vizcaya,46,Gernika-Lumo,15427,7510,7917
48,Vizcaya,47,Guizaburuaga,140,69,71
48,Vizcaya,48,Ibarrangelu,522,246,276
48,Vizcaya,49,Ispaster,613,323,290
48,Vizcaya,50,Izurtza,262,130,132
48,Vizcaya,51,Lanestosa,287,146,141
48,Vizcaya,52,Larrabetzu,1537,769,768
48,Vizcaya,53,Laukiz,958,495,463
48,Vizcaya,54,Leioa,27925,13769,14156
48,Vizcaya,55,Lemoa,2544,1258,1286
48,Vizcaya,56,Lemoiz,882,467,415
48,Vizcaya,57,Lekeitio,7423,3662,3761
48,Vizcaya,58,Mallabia,1119,590,529
48,Vizcaya,59,Mañaria,465,242,223
48,Vizcaya,60,Markina-Xemein,4661,2313,2348
48,Vizcaya,61,Maruri-Jatabe,630,307,323
48,Vizcaya,62,Mendata,335,180,155
48,Vizcaya,63,Mendexa,338,182,156
48,Vizcaya,64,Meñaka,514,257,257
48,Vizcaya,65,Ugao-Miraballes,4122,2072,2050
48,Vizcaya,66,Morga,398,217,181
48,Vizcaya,67,Muxika,1361,708,653
48,Vizcaya,68,Mundaka,1806,850,956
48,Vizcaya,69,Mungia,13647,6708,6939
48,Vizcaya,70,Aulesti,651,335,316
48,Vizcaya,71,Muskiz,6208,3052,3156
48,Vizcaya,72,Otxandio,1010,536,474
48,Vizcaya,73,Ondarroa,9925,4957,4968
48,Vizcaya,74,Orduña,3916,2001,1915
48,Vizcaya,75,Orozko,2031,1024,1007
48,Vizcaya,76,Sukarrieta,313,163,150
48,Vizcaya,77,Plentzia,3556,1716,1840
48,Vizcaya,78,Portugalete,52681,25720,26961
48,Vizcaya,79,Errigoiti,464,259,205
48,Vizcaya,80,Valle de Trápaga-Trapagaran,12450,6145,6305
48,Vizcaya,81,Lezama,2124,1069,1055
48,Vizcaya,82,Santurtzi,47999,23506,24493
48,Vizcaya,83,Ortuella,8819,4315,4504
48,Vizcaya,84,Sestao,32852,15996,16856
48,Vizcaya,85,Sopelana,10097,5035,5062
48,Vizcaya,86,Sopuerta,2237,1135,1102
48,Vizcaya,87,Trucios-Turtzioz,546,267,279
48,Vizcaya,88,Ubide,171,84,87
48,Vizcaya,89,Urduliz,2999,1510,1489
48,Vizcaya,90,Balmaseda,7007,3380,3627
48,Vizcaya,91,Atxondo,1461,744,717
48,Vizcaya,92,Bedia,950,472,478
48,Vizcaya,93,Areatza,1044,470,574
48,Vizcaya,94,Igorre,3917,1956,1961
48,Vizcaya,95,Zaldibar,2896,1405,1491
48,Vizcaya,96,Zalla,7725,3809,3916
48,Vizcaya,97,Zaratamo,1662,843,819
48,Vizcaya,901,Derio,4700,2363,2337
48,Vizcaya,902,Erandio,22853,11262,11591
48,Vizcaya,903,Loiu,1885,938,947
48,Vizcaya,904,Sondika,3929,1903,2026
48,Vizcaya,905,Zamudio,2900,1455,1445
48,Vizcaya,906,Forua,979,493,486
48,Vizcaya,907,Kortezubi,387,202,185
48,Vizcaya,908,Murueta,223,117,106
48,Vizcaya,909,Nabarniz,231,111,120
48,Vizcaya,910,Iurreta,4310,2138,2172
48,Vizcaya,911,Ajangiz,418,213,205
48,Vizcaya,912,Alonsotegi,2760,1331,1429
48,Vizcaya,913,Zierbena,1206,642,564
48,Vizcaya,914,Arratzu,390,188,202
49,Zamora,2,Abezames,110,56,54
49,Zamora,3,Alcañices,1130,568,562
49,Zamora,4,Alcubilla de Nogales,204,98,106
49,Zamora,5,Alfaraz de Sayago,210,114,96
49,Zamora,6,Algodre,195,99,96
49,Zamora,7,Almaraz de Duero,471,238,233
49,Zamora,8,Almeida de Sayago,694,349,345
49,Zamora,9,Andavías,510,251,259
49,Zamora,10,Arcenillas,305,151,154
49,Zamora,11,Arcos de la Polvorosa,301,159,142
49,Zamora,12,Argañín,100,45,55
49,Zamora,13,Argujillo,380,196,184
49,Zamora,14,Arquillinos,179,92,87
49,Zamora,15,Arrabalde,391,189,202
49,Zamora,16,Aspariegos,370,184,186
49,Zamora,17,Asturianos,361,182,179
49,Zamora,18,Ayoó de Vidriales,473,235,238
49,Zamora,19,Barcial del Barco,308,173,135
49,Zamora,20,Belver de los Montes,473,249,224
49,Zamora,21,Benavente,16763,8119,8644
49,Zamora,22,Benegiles,418,222,196
49,Zamora,23,Bermillo de Sayago,1436,746,690
49,Zamora,24,Bóveda de Toro (La),1003,505,498
49,Zamora,25,Bretó,246,129,117
49,Zamora,26,Bretocino,329,173,156
49,Zamora,27,Brime de Sog,252,114,138
49,Zamora,28,Brime de Urz,154,84,70
49,Zamora,29,Burganes de Valverde,908,466,442
49,Zamora,30,Bustillo del Oro,157,78,79
49,Zamora,31,Cabañas de Sayago,196,92,104
49,Zamora,32,Calzadilla de Tera,508,249,259
49,Zamora,33,Camarzana de Tera,1057,523,534
49,Zamora,34,Cañizal,626,331,295
49,Zamora,35,Cañizo,328,163,165
49,Zamora,36,Carbajales de Alba,678,334,344
49,Zamora,37,Carbellino,272,138,134
49,Zamora,38,Casaseca de Campeán,158,85,73
49,Zamora,39,Casaseca de las Chanas,371,185,186
49,Zamora,40,Castrillo de la Guareña,159,77,82
49,Zamora,41,Castrogonzalo,571,307,264
49,Zamora,42,Castronuevo,352,180,172
49,Zamora,43,Castroverde de Campos,415,211,204
49,Zamora,44,Cazurra,97,54,43
49,Zamora,46,Cerecinos de Campos,432,222,210
49,Zamora,47,Cerecinos del Carrizal,154,83,71
49,Zamora,48,Cernadilla,177,85,92
49,Zamora,50,Cobreros,797,397,400
49,Zamora,52,Coomonte,334,174,160
49,Zamora,53,Coreses,1199,609,590
49,Zamora,54,Corrales,1141,546,595
49,Zamora,55,Cotanes del Monte,162,84,78
49,Zamora,56,Cubillos,397,202,195
49,Zamora,57,Cubo de Benavente,180,95,85
49,Zamora,58,Cubo de Tierra del Vino (El),475,246,229
49,Zamora,59,Cuelgamures,143,80,63
49,Zamora,61,Entrala,165,83,82
49,Zamora,62,Espadañedo,222,109,113
49,Zamora,63,Faramontanos de Tábara,509,257,252
49,Zamora,64,Fariza,722,362,360
49,Zamora,65,Fermoselle,1646,824,822
49,Zamora,66,Ferreras de Abajo,629,304,325
49,Zamora,67,Ferreras de Arriba,525,264,261
49,Zamora,68,Ferreruela,666,347,319
49,Zamora,69,Figueruela de Arriba,572,280,292
49,Zamora,71,Fonfría,1189,613,576
49,Zamora,75,Fresno de la Polvorosa,216,101,115
49,Zamora,76,Fresno de la Ribera,419,227,192
49,Zamora,77,Fresno de Sayago,268,133,135
49,Zamora,78,Friera de Valverde,276,143,133
49,Zamora,79,Fuente Encalada,151,76,75
49,Zamora,80,Fuentelapeña,1051,537,514
49,Zamora,81,Fuentesaúco,1888,944,944
49,Zamora,82,Fuentes de Ropel,575,293,282
49,Zamora,83,Fuentesecas,89,41,48
49,Zamora,84,Fuentespreadas,407,223,184
49,Zamora,85,Galende,1363,665,698
49,Zamora,86,Gallegos del Pan,167,88,79
49,Zamora,87,Gallegos del Río,850,452,398
49,Zamora,88,Gamones,99,58,41
49,Zamora,90,Gema,270,133,137
49,Zamora,91,Granja de Moreruela,385,189,196
49,Zamora,92,Granucillo,257,130,127
49,Zamora,93,Guarrate,377,200,177
49,Zamora,94,Hermisende,444,241,203
49,Zamora,95,Hiniesta (La),383,187,196
49,Zamora,96,Jambrina,269,130,139
49,Zamora,97,Justel,170,92,78
49,Zamora,98,Losacino,346,186,160
49,Zamora,99,Losacio,161,85,76
49,Zamora,100,Lubián,378,184,194
49,Zamora,101,Luelmo,255,131,124
49,Zamora,102,Maderal (El),302,154,148
49,Zamora,103,Madridanos,566,280,286
49,Zamora,104,Mahide,567,295,272
49,Zamora,105,Maire de Castroponce,250,128,122
49,Zamora,107,Malva,228,116,112
49,Zamora,108,Manganeses de la Lampreana,786,395,391
49,Zamora,109,Manganeses de la Polvorosa,876,429,447
49,Zamora,110,Manzanal de Arriba,460,231,229
49,Zamora,111,Manzanal del Barco,200,105,95
49,Zamora,112,Manzanal de los Infantes,194,102,92
49,Zamora,113,Matilla de Arzón,261,142,119
49,Zamora,114,Matilla la Seca,70,34,36
49,Zamora,115,Mayalde,245,121,124
49,Zamora,116,Melgar de Tera,595,290,305
49,Zamora,117,Micereces de Tera,649,332,317
49,Zamora,118,Milles de la Polvorosa,279,139,140
49,Zamora,119,Molacillos,307,161,146
49,Zamora,120,Molezuelas de la Carballeda,118,60,58
49,Zamora,121,Mombuey,476,234,242
49,Zamora,122,Monfarracinos,588,317,271
49,Zamora,123,Montamarta,685,333,352
49,Zamora,124,Moral de Sayago,386,208,178
49,Zamora,125,Moraleja del Vino,1259,664,595
49,Zamora,126,Moraleja de Sayago,297,158,139
49,Zamora,127,Morales del Vino,1634,840,794
49,Zamora,128,Morales de Rey,760,365,395
49,Zamora,129,Morales de Toro,1082,541,541
49,Zamora,130,Morales de Valverde,302,142,160
49,Zamora,131,Moralina,378,193,185
49,Zamora,132,Moreruela de los Infanzones,480,252,228
49,Zamora,133,Moreruela de Tábara,531,279,252
49,Zamora,134,Muelas de los Caballeros,255,135,120
49,Zamora,135,Muelas del Pan,922,455,467
49,Zamora,136,Muga de Sayago,504,244,260
49,Zamora,137,Navianos de Valverde,258,139,119
49,Zamora,138,Olmillos de Castro,427,223,204
49,Zamora,139,Otero de Bodas,283,154,129
49,Zamora,141,Pajares de la Lampreana,500,252,248
49,Zamora,142,Palacios del Pan,248,109,139
49,Zamora,143,Palacios de Sanabria,356,171,185
49,Zamora,145,Pedralba de la Pradería,305,143,162
49,Zamora,146,Pego (El),456,232,224
49,Zamora,147,Peleagonzalo,446,228,218
49,Zamora,148,Peleas de Abajo,265,120,145
49,Zamora,149,Peñausende,576,291,285
49,Zamora,150,Peque,218,108,110
49,Zamora,151,Perdigón (El),773,396,377
49,Zamora,152,Pereruela,741,372,369
49,Zamora,153,Perilla de Castro,264,132,132
49,Zamora,154,Pías,237,118,119
49,Zamora,155,Piedrahita de Castro,150,82,68
49,Zamora,156,Pinilla de Toro,381,187,194
49,Zamora,157,Pino,247,134,113
49,Zamora,158,Piñero (El),312,165,147
49,Zamora,159,Pobladura del Valle,334,165,169
49,Zamora,160,Pobladura de Valderaduey,80,37,43
49,Zamora,162,Porto,338,180,158
49,Zamora,163,Pozoantiguo,333,169,164
49,Zamora,164,Pozuelo de Tábara,246,121,125
49,Zamora,165,Prado,103,52,51
49,Zamora,166,Puebla de Sanabria,1645,787,858
49,Zamora,167,Pueblica de Valverde,324,163,161
49,Zamora,168,Quintanilla del Monte,151,68,83
49,Zamora,169,Quintanilla del Olmo,62,29,33
49,Zamora,170,Quintanilla de Urz,153,79,74
49,Zamora,171,Quiruelas de Vidriales,981,463,518
49,Zamora,172,Rabanales,847,436,411
49,Zamora,173,Rábano de Aliste,480,242,238
49,Zamora,174,Requejo,213,94,119
49,Zamora,175,Revellinos,342,186,156
49,Zamora,176,Riofrío de Aliste,1088,568,520
49,Zamora,177,Rionegro del Puente,402,197,205
49,Zamora,178,Roales,392,201,191
49,Zamora,179,Robleda-Cervantes,447,213,234
49,Zamora,180,Roelos de Sayago,164,87,77
49,Zamora,181,Rosinos de la Requejada,528,256,272
49,Zamora,183,Salce,149,79,70
49,Zamora,184,Samir de los Caños,234,122,112
49,Zamora,185,San Agustín del Pozo,211,112,99
49,Zamora,186,San Cebrián de Castro,379,178,201
49,Zamora,187,San Cristóbal de Entreviñas,1633,825,808
49,Zamora,188,San Esteban del Molar,183,101,82
49,Zamora,189,San Justo,370,179,191
49,Zamora,190,San Martín de Valderaduey,98,48,50
49,Zamora,191,San Miguel de la Ribera,402,200,202
49,Zamora,192,San Miguel del Valle,225,105,120
49,Zamora,193,San Pedro de Ceque,703,344,359
49,Zamora,194,San Pedro de la Nave-Almendra,530,259,271
49,Zamora,197,Santa Clara de Avedillo,261,128,133
49,Zamora,199,Santa Colomba de las Monjas,331,168,163
49,Zamora,200,Santa Cristina de la Polvorosa,1279,661,618
49,Zamora,201,Santa Croya de Tera,484,242,242
49,Zamora,202,Santa Eufemia del Barco,297,165,132
49,Zamora,203,Santa María de la Vega,503,262,241
49,Zamora,204,Santa María de Valverde,99,45,54
49,Zamora,205,Santibáñez de Tera,605,298,307
49,Zamora,206,Santibáñez de Vidriales,1404,695,709
49,Zamora,207,Santovenia,431,205,226
49,Zamora,208,San Vicente de la Cabeza,628,326,302
49,Zamora,209,San Vitero,727,380,347
49,Zamora,210,Sanzoles,707,364,343
49,Zamora,214,Tábara,964,493,471
49,Zamora,216,Tapioles,247,132,115
49,Zamora,219,Toro,9325,4524,4801
49,Zamora,220,Torre del Valle (La),192,105,87
49,Zamora,221,Torregamones,331,162,169
49,Zamora,222,Torres del Carrizal,521,270,251
49,Zamora,223,Trabazos,949,474,475
49,Zamora,224,Trefacio,240,118,122
49,Zamora,225,Uña de Quintana,231,112,119
49,Zamora,226,Vadillo de la Guareña,378,198,180
49,Zamora,227,Valcabado,360,180,180
49,Zamora,228,Valdefinjas,103,59,44
49,Zamora,229,Valdescorriel,198,105,93
49,Zamora,230,Vallesa de la Guareña,183,100,83
49,Zamora,231,Vega de Tera,523,249,274
49,Zamora,232,Vega de Villalobos,160,70,90
49,Zamora,233,Vegalatrave,150,77,73
49,Zamora,234,Venialbo,544,283,261
49,Zamora,235,Vezdemarbán,700,341,359
49,Zamora,236,Vidayanes,116,56,60
49,Zamora,237,Videmala,205,98,107
49,Zamora,238,Villabrázaro,378,186,192
49,Zamora,239,Villabuena del Puente,987,521,466
49,Zamora,240,Villadepera,278,133,145
49,Zamora,241,Villaescusa,379,193,186
49,Zamora,242,Villafáfila,673,334,339
49,Zamora,243,Villaferrueña,159,81,78
49,Zamora,244,Villageriz,72,39,33
49,Zamora,245,Villalazán,394,192,202
49,Zamora,246,Villalba de la Lampreana,323,168,155
49,Zamora,247,Villalcampo,677,339,338
49,Zamora,248,Villalobos,318,148,170
49,Zamora,249,Villalonso,127,64,63
49,Zamora,250,Villalpando,1731,855,876
49,Zamora,251,Villalube,318,159,159
49,Zamora,252,Villamayor de Campos,557,284,273
49,Zamora,255,Villamor de los Escuderos,587,296,291
49,Zamora,256,Villanázar,382,182,200
49,Zamora,257,Villanueva de Azoague,368,188,180
49,Zamora,258,Villanueva de Campeán,189,94,95
49,Zamora,259,Villanueva de las Peras,191,95,96
49,Zamora,260,Villanueva del Campo,1085,540,545
49,Zamora,261,Villaralbo,1617,813,804
49,Zamora,262,Villardeciervos,514,240,274
49,Zamora,263,Villar de Fallaves,108,56,52
49,Zamora,264,Villar del Buey,864,462,402
49,Zamora,265,Villardiegua de la Ribera,177,86,91
49,Zamora,266,Villárdiga,110,57,53
49,Zamora,267,Villardondiego,131,70,61
49,Zamora,268,Villarrín de Campos,651,343,308
49,Zamora,269,Villaseco del Pan,324,156,168
49,Zamora,270,Villavendimio,203,114,89
49,Zamora,271,Villaveza del Agua,280,146,134
49,Zamora,272,Villaveza de Valverde,148,76,72
49,Zamora,273,Viñas,293,146,147
49,Zamora,275,Zamora,65226,30954,34272
50,Zaragoza,1,Abanto,184,100,84
50,Zaragoza,2,Acered,271,138,133
50,Zaragoza,3,Agón,182,99,83
50,Zaragoza,4,Aguarón,751,372,379
50,Zaragoza,5,Aguilón,276,133,143
50,Zaragoza,6,Ainzón,1228,634,594
50,Zaragoza,7,Aladrén,77,43,34
50,Zaragoza,8,Alagón,5621,2807,2814
50,Zaragoza,9,Alarba,158,88,70
50,Zaragoza,10,Alberite de San Juan,97,55,42
50,Zaragoza,11,Albeta,119,58,61
50,Zaragoza,12,Alborge,141,73,68
50,Zaragoza,13,Alcalá de Ebro,296,139,157
50,Zaragoza,14,Alcalá de Moncayo,147,77,70
50,Zaragoza,15,Alconchel de Ariza,162,87,75
50,Zaragoza,16,Aldehuela de Liestos,58,30,28
50,Zaragoza,17,Alfajarín,1495,759,736
50,Zaragoza,18,Alfamén,1315,699,616
50,Zaragoza,19,Alforque,88,48,40
50,Zaragoza,20,Alhama de Aragón,1178,568,610
50,Zaragoza,21,Almochuel,50,27,23
50,Zaragoza,22,Almolda (La),691,346,345
50,Zaragoza,23,Almonacid de la Cuba,339,168,171
50,Zaragoza,24,Almonacid de la Sierra,859,448,411
50,Zaragoza,25,Almunia de Doña Godina (La),5591,2856,2735
50,Zaragoza,26,Alpartir,603,323,280
50,Zaragoza,27,Ambel,357,161,196
50,Zaragoza,28,Anento,107,66,41
50,Zaragoza,29,Aniñón,907,479,428
50,Zaragoza,30,Añón de Moncayo,304,177,127
50,Zaragoza,31,Aranda de Moncayo,247,133,114
50,Zaragoza,32,Arándiga,503,258,245
50,Zaragoza,33,Ardisa,79,44,35
50,Zaragoza,34,Ariza,1334,683,651
50,Zaragoza,35,Artieda,100,57,43
50,Zaragoza,36,Asín,101,51,50
50,Zaragoza,37,Atea,239,134,105
50,Zaragoza,38,Ateca,1986,972,1014
50,Zaragoza,39,Azuara,716,381,335
50,Zaragoza,40,Badules,121,66,55
50,Zaragoza,41,Bagüés,46,24,22
50,Zaragoza,42,Balconchán,26,13,13
50,Zaragoza,43,Bárboles,326,172,154
50,Zaragoza,44,Bardallur,297,143,154
50,Zaragoza,45,Belchite,1643,862,781
50,Zaragoza,46,Belmonte de Gracián,282,151,131
50,Zaragoza,47,Berdejo,49,26,23
50,Zaragoza,48,Berrueco,39,22,17
50,Zaragoza,50,Bijuesca,129,73,56
50,Zaragoza,51,Biota,1222,625,597
50,Zaragoza,52,Bisimbre,128,57,71
50,Zaragoza,53,Boquiñeni,992,499,493
50,Zaragoza,54,Bordalba,100,58,42
50,Zaragoza,55,Borja,4256,2079,2177
50,Zaragoza,56,Botorrita,489,261,228
50,Zaragoza,57,Brea de Aragón,2009,997,1012
50,Zaragoza,58,Bubierca,108,53,55
50,Zaragoza,59,Bujaraloz,986,521,465
50,Zaragoza,60,Bulbuente,263,146,117
50,Zaragoza,61,Bureta,320,159,161
50,Zaragoza,62,Burgo de Ebro (El),1550,792,758
50,Zaragoza,63,Buste (El),111,56,55
50,Zaragoza,64,Cabañas de Ebro,550,285,265
50,Zaragoza,65,Cabolafuente,87,50,37
50,Zaragoza,66,Cadrete,1679,895,784
50,Zaragoza,67,Calatayud,17876,8623,9253
50,Zaragoza,68,Calatorao,2725,1413,1312
50,Zaragoza,69,Calcena,90,48,42
50,Zaragoza,70,Calmarza,98,50,48
50,Zaragoza,71,Campillo de Aragón,183,102,81
50,Zaragoza,72,Carenas,220,112,108
50,Zaragoza,73,Cariñena,2875,1477,1398
50,Zaragoza,74,Caspe,7727,3782,3945
50,Zaragoza,75,Castejón de Alarba,116,64,52
50,Zaragoza,76,Castejón de las Armas,135,66,69
50,Zaragoza,77,Castejón de Valdejasa,336,174,162
50,Zaragoza,78,Castiliscar,408,211,197
50,Zaragoza,79,Cervera de la Cañada,341,167,174
50,Zaragoza,80,Cerveruela,14,12,2
50,Zaragoza,81,Cetina,730,359,371
50,Zaragoza,82,Cimballa,165,82,83
50,Zaragoza,83,Cinco Olivas,137,67,70
50,Zaragoza,84,Clarés de Ribota,107,56,51
50,Zaragoza,85,Codo,278,136,142
50,Zaragoza,86,Codos,283,164,119
50,Zaragoza,87,Contamina,59,32,27
50,Zaragoza,88,Cosuenda,415,219,196
50,Zaragoza,89,Cuarte de Huerva,1847,958,889
50,Zaragoza,90,Cubel,237,116,121
50,Zaragoza,91,Cuerlas (Las),97,48,49
50,Zaragoza,92,Chiprana,377,186,191
50,Zaragoza,93,Chodes,121,58,63
50,Zaragoza,94,Daroca,2286,1148,1138
50,Zaragoza,95,Ejea de los Caballeros,15532,7895,7637
50,Zaragoza,96,Embid de Ariza,70,36,34
50,Zaragoza,98,Encinacorba,304,163,141
50,Zaragoza,99,Épila,3971,2043,1928
50,Zaragoza,100,Erla,466,223,243
50,Zaragoza,101,Escatrón,1282,626,656
50,Zaragoza,102,Fabara,1218,637,581
50,Zaragoza,104,Farlete,461,232,229
50,Zaragoza,105,Fayón,385,204,181
50,Zaragoza,106,Fayos (Los),191,101,90
50,Zaragoza,107,Figueruelas,1011,511,500
50,Zaragoza,108,Fombuena,19,13,6
50,Zaragoza,109,Frago (El),122,75,47
50,Zaragoza,110,Frasno (El),561,299,262
50,Zaragoza,111,Fréscano,252,123,129
50,Zaragoza,113,Fuendejalón,872,437,435
50,Zaragoza,114,Fuendetodos,199,100,99
50,Zaragoza,115,Fuentes de Ebro,3848,1989,1859
50,Zaragoza,116,Fuentes de Jiloca,353,187,166
50,Zaragoza,117,Gallocanta,167,86,81
50,Zaragoza,118,Gallur,2921,1483,1438
50,Zaragoza,119,Gelsa,1253,632,621
50,Zaragoza,120,Godojos,68,33,35
50,Zaragoza,121,Gotor,380,204,176
50,Zaragoza,122,Grisel,70,41,29
50,Zaragoza,123,Grisén,479,243,236
50,Zaragoza,124,Herrera de los Navarros,616,324,292
50,Zaragoza,125,Ibdes,558,285,273
50,Zaragoza,126,Illueca,3295,1614,1681
50,Zaragoza,128,Isuerre,62,38,24
50,Zaragoza,129,Jaraba,321,173,148
50,Zaragoza,130,Jarque,583,314,269
50,Zaragoza,131,Jaulín,300,154,146
50,Zaragoza,132,Joyosa (La),382,200,182
50,Zaragoza,133,Lagata,140,77,63
50,Zaragoza,134,Langa del Castillo,197,91,106
50,Zaragoza,135,Layana,139,68,71
50,Zaragoza,136,Lécera,837,405,432
50,Zaragoza,137,Leciñena,1367,686,681
50,Zaragoza,138,Lechón,53,32,21
50,Zaragoza,139,Letux,478,242,236
50,Zaragoza,140,Litago,182,100,82
50,Zaragoza,141,Lituénigo,118,57,61
50,Zaragoza,142,Lobera de Onsella,54,32,22
50,Zaragoza,143,Longares,915,501,414
50,Zaragoza,144,Longás,52,32,20
50,Zaragoza,146,Lucena de Jalón,251,127,124
50,Zaragoza,147,Luceni,1056,524,532
50,Zaragoza,148,Luesia,443,230,213
50,Zaragoza,149,Luesma,23,13,10
50,Zaragoza,150,Lumpiaque,917,475,442
50,Zaragoza,151,Luna,928,489,439
50,Zaragoza,152,Maella,1996,1003,993
50,Zaragoza,153,Magallón,1201,650,551
50,Zaragoza,154,Mainar,183,101,82
50,Zaragoza,155,Malanquilla,126,65,61
50,Zaragoza,156,Maleján,296,152,144
50,Zaragoza,157,Malón,455,234,221
50,Zaragoza,159,Maluenda,973,469,504
50,Zaragoza,160,Mallén,2983,1527,1456
50,Zaragoza,161,Manchones,153,75,78
50,Zaragoza,162,Mara,205,103,102
50,Zaragoza,163,María de Huerva,1121,559,562
50,Zaragoza,164,Mediana de Aragón,514,258,256
50,Zaragoza,165,Mequinenza,2478,1235,1243
50,Zaragoza,166,Mesones de Isuela,374,183,191
50,Zaragoza,167,Mezalocha,319,178,141
50,Zaragoza,168,Mianos,45,24,21
50,Zaragoza,169,Miedes de Aragón,512,268,244
50,Zaragoza,170,Monegrillo,534,290,244
50,Zaragoza,171,Moneva,145,71,74
50,Zaragoza,172,Monreal de Ariza,299,155,144
50,Zaragoza,173,Monterde,264,136,128
50,Zaragoza,174,Montón,140,72,68
50,Zaragoza,175,Morata de Jalón,1540,764,776
50,Zaragoza,176,Morata de Jiloca,330,175,155
50,Zaragoza,177,Morés,487,256,231
50,Zaragoza,178,Moros,510,251,259
50,Zaragoza,179,Moyuela,353,184,169
50,Zaragoza,180,Mozota,114,57,57
50,Zaragoza,181,Muel,1123,562,561
50,Zaragoza,182,Muela (La),1351,708,643
50,Zaragoza,183,Munébrega,463,243,220
50,Zaragoza,184,Murero,149,85,64
50,Zaragoza,185,Murillo de Gállego,133,79,54
50,Zaragoza,186,Navardún,62,32,30
50,Zaragoza,187,Nigüella,122,67,55
50,Zaragoza,188,Nombrevilla,66,39,27
50,Zaragoza,189,Nonaspe,1080,547,533
50,Zaragoza,190,Novallas,731,357,374
50,Zaragoza,191,Novillas,670,343,327
50,Zaragoza,192,Nuévalos,344,197,147
50,Zaragoza,193,Nuez de Ebro,592,313,279
50,Zaragoza,194,Olvés,169,90,79
50,Zaragoza,195,Orcajo,47,24,23
50,Zaragoza,196,Orera,126,63,63
50,Zaragoza,197,Orés,101,60,41
50,Zaragoza,198,Oseja,50,29,21
50,Zaragoza,199,Osera de Ebro,354,170,184
50,Zaragoza,200,Paniza,697,351,346
50,Zaragoza,201,Paracuellos de Jiloca,500,230,270
50,Zaragoza,202,Paracuellos de la Ribera,291,134,157
50,Zaragoza,203,Pastriz,1043,511,532
50,Zaragoza,204,Pedrola,2637,1340,1297
50,Zaragoza,205,Pedrosas (Las),96,47,49
50,Zaragoza,206,Perdiguera,508,261,247
50,Zaragoza,207,Piedratajada,133,67,66
50,Zaragoza,208,Pina de Ebro,2239,1112,1127
50,Zaragoza,209,Pinseque,1606,805,801
50,Zaragoza,210,Pintanos (Los),89,45,44
50,Zaragoza,211,Plasencia de Jalón,366,198,168
50,Zaragoza,212,Pleitas,61,37,24
50,Zaragoza,213,Plenas,137,68,69
50,Zaragoza,214,Pomer,27,18,9
50,Zaragoza,215,Pozuel de Ariza,24,16,8
50,Zaragoza,216,Pozuelo de Aragón,339,186,153
50,Zaragoza,217,Pradilla de Ebro,647,338,309
50,Zaragoza,218,Puebla de Albortón,148,80,68
50,Zaragoza,219,Puebla de Alfindén (La),1907,974,933
50,Zaragoza,220,Puendeluna,60,35,25
50,Zaragoza,221,Purujosa,40,30,10
50,Zaragoza,222,Quinto,2110,1054,1056
50,Zaragoza,223,Remolinos,1244,620,624
50,Zaragoza,224,Retascón,78,44,34
50,Zaragoza,225,Ricla,2083,1120,963
50,Zaragoza,227,Romanos,143,81,62
50,Zaragoza,228,Rueda de Jalón,353,181,172
50,Zaragoza,229,Ruesca,89,46,43
50,Zaragoza,230,Sádaba,1666,835,831
50,Zaragoza,231,Salillas de Jalón,352,186,166
50,Zaragoza,232,Salvatierra de Esca,278,142,136
50,Zaragoza,233,Samper del Salz,142,73,69
50,Zaragoza,234,San Martín de la Virgen de Moncayo,305,161,144
50,Zaragoza,235,San Mateo de Gállego,2137,1096,1041
50,Zaragoza,236,Santa Cruz de Grío,232,128,104
50,Zaragoza,237,Santa Cruz de Moncayo,121,58,63
50,Zaragoza,238,Santa Eulalia de Gállego,127,61,66
50,Zaragoza,239,Santed,80,38,42
50,Zaragoza,240,Sástago,1444,726,718
50,Zaragoza,241,Sabiñán,931,450,481
50,Zaragoza,242,Sediles,102,52,50
50,Zaragoza,243,Sestrica,478,243,235
50,Zaragoza,244,Sierra de Luna,250,127,123
50,Zaragoza,245,Sigüés,187,94,93
50,Zaragoza,246,Sisamón,82,49,33
50,Zaragoza,247,Sobradiel,641,319,322
50,Zaragoza,248,Sos del Rey Católico,774,395,379
50,Zaragoza,249,Tabuenca,480,262,218
50,Zaragoza,250,Talamantes,70,42,28
50,Zaragoza,251,Tarazona,10416,5026,5390
50,Zaragoza,252,Tauste,6932,3454,3478
50,Zaragoza,253,Terrer,625,300,325
50,Zaragoza,254,Tierga,253,141,112
50,Zaragoza,255,Tobed,281,142,139
50,Zaragoza,256,Torralba de los Frailes,105,51,54
50,Zaragoza,257,Torralba de Ribota,220,120,100
50,Zaragoza,258,Torralbilla,76,38,38
50,Zaragoza,259,Torrehermosa,114,62,52
50,Zaragoza,260,Torrelapaja,45,22,23
50,Zaragoza,261,Torrellas,305,154,151
50,Zaragoza,262,Torres de Berrellén,1400,709,691
50,Zaragoza,263,Torrijo de la Cañada,386,211,175
50,Zaragoza,264,Tosos,200,103,97
50,Zaragoza,265,Trasmoz,60,32,28
50,Zaragoza,266,Trasobares,226,118,108
50,Zaragoza,267,Uncastillo,889,435,454
50,Zaragoza,268,Undués de Lerda,48,29,19
50,Zaragoza,269,Urrea de Jalón,334,171,163
50,Zaragoza,270,Urriés,77,45,32
50,Zaragoza,271,Used,383,207,176
50,Zaragoza,272,Utebo,10719,5427,5292
50,Zaragoza,273,Valdehorna,59,30,29
50,Zaragoza,274,Val de San Martín,84,39,45
50,Zaragoza,275,Valmadrid,67,39,28
50,Zaragoza,276,Valpalmas,200,98,102
50,Zaragoza,277,Valtorres,90,43,47
50,Zaragoza,278,Velilla de Ebro,276,134,142
50,Zaragoza,279,Velilla de Jiloca,116,59,57
50,Zaragoza,280,Vera de Moncayo,482,250,232
50,Zaragoza,281,Vierlas,108,55,53
50,Zaragoza,282,Vilueña (La),101,43,58
50,Zaragoza,283,Villadoz,83,47,36
50,Zaragoza,284,Villafeliche,245,121,124
50,Zaragoza,285,Villafranca de Ebro,680,331,349
50,Zaragoza,286,Villalba de Perejil,114,60,54
50,Zaragoza,287,Villalengua,428,225,203
50,Zaragoza,288,Villanueva de Gállego,3134,1587,1547
50,Zaragoza,289,Villanueva de Jiloca,115,57,58
50,Zaragoza,290,Villanueva de Huerva,598,310,288
50,Zaragoza,291,Villar de los Navarros,175,80,95
50,Zaragoza,292,Villarreal de Huerva,182,100,82
50,Zaragoza,293,Villarroya de la Sierra,683,348,335
50,Zaragoza,294,Villarroya del Campo,86,43,43
50,Zaragoza,295,Vistabella,34,19,15
50,Zaragoza,296,Zaida (La),596,294,302
50,Zaragoza,297,Zaragoza,604631,290842,313789
50,Zaragoza,298,Zuera,5448,2798,2650
50,Zaragoza,901,Biel,240,133,107
50,Zaragoza,902,Marracos,130,66,64
51,Ceuta,1,Ceuta,75241,38497,36744
52,Melilla,1,Melilla,66263,33976,32287
